1874 5 1 270.8709677419355
1874 6 1 346.0
1874 7 1 1033.516129032258
1874 8 1 954.1290322580645
1874 9 1 335.26666666666665
1874 10 1 415.35483870967744
1874 11 1 387.8333333333333
1874 12 1 93.16129032258064
1875 1 1 72.41935483870968
1875 2 1 399.17857142857144
1875 3 1 423.03225806451616
1875 4 1 393.8333333333333
1875 5 1 145.41935483870967
1875 6 1 438.8666666666667
1875 7 1 76.7741935483871
1875 8 1 124.2258064516129
1875 9 1 34.03333333333333
1875 10 1 132.38709677419354
1875 11 1 187.5
1875 12 1 91.03225806451613
1876 1 1 167.48387096774192
1876 2 1 263.55172413793105
1876 3 1 231.41935483870967
1876 4 1 15.766666666666667
1876 5 1 37.25806451612903
1876 6 1 15.233333333333333
1876 7 1 65.64516129032258
1876 8 1 34.70967741935484
1876 9 1 90.46666666666667
1876 10 1 155.25806451612902
1876 11 1 69.13333333333334
1876 12 1 149.29032258064515
1877 1 1 188.93548387096774
1877 2 1 66.21428571428571
1877 3 1 65.74193548387096
1877 4 1 90.63333333333334
1877 5 1 85.48387096774194
1877 6 1 57.53333333333333
1877 7 1 4.161290322580645
1877 8 1 34.935483870967744
1877 9 1 72.96666666666667
1877 10 1 126.25806451612904
1877 11 1 283.46666666666664
1877 12 1 23.258064516129032
1878 1 1 14.870967741935484
1878 2 1 18.142857142857142
1878 3 1 47.935483870967744
1878 4 1 0.43333333333333335
1878 5 1 51.483870967741936
1878 6 1 41.0
1878 7 1 0.3548387096774194
1878 8 1 0.0
1878 9 1 57.233333333333334
1878 10 1 9.64516129032258
1878 11 1 23.6
1878 12 1 2.0
1879 1 1 1.1612903225806452
1879 2 1 0.0
1879 3 1 0.0
1879 4 1 50.46666666666667
1879 5 1 5.806451612903226
1879 6 1 19.6
1879 7 1 51.38709677419355
1879 8 1 37.29032258064516
1879 9 1 41.266666666666666
1879 10 1 81.48387096774194
1879 11 1 108.66666666666667
1879 12 1 33.774193548387096
1880 1 1 292.16129032258067
1880 2 1 337.62068965517244
1880 3 1 142.67741935483872
1880 4 1 216.73333333333332
1880 5 1 408.96774193548384
1880 6 1 488.1666666666667
1880 7 1 206.06451612903226
1880 8 1 715.3225806451613
1880 9 1 926.5
1880 10 1 561.4516129032259
1880 11 1 483.06666666666666
1880 12 1 460.61290322580646
1881 1 1 585.2258064516129
1881 2 1 675.9285714285714
1881 3 1 640.483870967742
1881 4 1 530.2333333333333
1881 5 1 376.93548387096774
1881 6 1 612.4
1881 7 1 941.0645161290323
1881 8 1 737.9677419354839
1881 9 1 867.0
1881 10 1 705.0967741935484
1881 11 1 840.4333333333333
1881 12 1 641.1612903225806
1882 1 1 328.741935483871
1882 2 1 673.1071428571429
1882 3 1 928.8709677419355
1882 4 1 1799.0666666666666
1882 5 1 1519.6129032258063
1882 6 1 557.8333333333334
1882 7 1 461.5483870967742
1882 8 1 607.5806451612904
1882 9 1 1026.8666666666666
1882 10 1 1393.774193548387
1882 11 1 1931.1333333333334
1882 12 1 352.9032258064516
1883 1 1 849.7741935483871
1883 2 1 734.7857142857143
1883 3 1 621.1935483870968
1883 4 1 1132.5
1883 5 1 339.35483870967744
1883 6 1 1451.4333333333334
1883 7 1 2007.6774193548388
1883 8 1 595.5806451612904
1883 9 1 1230.2333333333333
1883 10 1 1793.3225806451612
1883 11 1 1725.6
1883 12 1 1305.3870967741937
1884 1 1 1669.741935483871
1884 2 1 1536.9310344827586
1884 3 1 1207.258064516129
1884 4 1 1581.2333333333333
1884 5 1 1210.8064516129032
1884 6 1 501.56666666666666
1884 7 1 561.2903225806451
1884 8 1 727.1290322580645
1884 9 1 1115.1333333333334
1884 10 1 994.516129032258
1884 11 1 438.03333333333336
1884 12 1 865.9677419354839
1885 1 1 495.4516129032258
1885 2 1 1083.0714285714287
1885 3 1 746.9677419354839
1885 4 1 855.3666666666667
1885 5 1 990.7096774193549
1885 6 1 1645.7
1885 7 1 1155.4193548387098
1885 8 1 578.741935483871
1885 9 1 646.0333333333333
1885 10 1 718.5483870967741
1885 11 1 425.2
1885 12 1 220.48387096774192
1886 1 1 509.38709677419354
1886 2 1 312.92857142857144
1886 3 1 1032.1935483870968
1886 4 1 623.6
1886 5 1 688.4193548387096
1886 6 1 398.06666666666666
1886 7 1 395.38709677419354
1886 8 1 115.38709677419355
1886 9 1 193.6
1886 10 1 57.45161290322581
1886 11 1 1.6
1886 12 1 189.70967741935485
1887 1 1 77.16129032258064
1887 2 1 75.57142857142857
1887 3 1 30.548387096774192
1887 4 1 44.8
1887 5 1 252.67741935483872
1887 6 1 302.1
1887 7 1 370.51612903225805
1887 8 1 162.8709677419355
1887 9 1 121.76666666666667
1887 10 1 54.03225806451613
1887 11 1 52.266666666666666
1887 12 1 561.4516129032259
1888 1 1 117.38709677419355
1888 2 1 88.27586206896552
1888 3 1 85.38709677419355
1888 4 1 26.0
1888 5 1 185.61290322580646
1888 6 1 32.5
1888 7 1 22.193548387096776
1888 8 1 65.25806451612904
1888 9 1 98.7
1888 10 1 10.516129032258064
1888 11 1 240.26666666666668
1888 12 1 77.0
1889 1 1 2.3548387096774195
1889 2 1 26.857142857142858
1889 3 1 27.806451612903224
1889 4 1 26.933333333333334
1889 5 1 14.419354838709678
1889 6 1 217.16666666666666
1889 7 1 153.48387096774192
1889 8 1 282.258064516129
1889 9 1 89.93333333333334
1889 10 1 11.612903225806452
1889 11 1 0.0
1889 12 1 66.41935483870968
1890 1 1 42.25806451612903
1890 2 1 1.3928571428571428
1890 3 1 69.51612903225806
1890 4 1 8.933333333333334
1890 5 1 21.774193548387096
1890 6 1 9.266666666666667
1890 7 1 135.32258064516128
1890 8 1 157.61290322580646
1890 9 1 221.36666666666667
1890 10 1 245.61290322580646
1890 11 1 181.46666666666667
1890 12 1 75.96774193548387
1891 1 1 198.06451612903226
1891 2 1 266.7142857142857
1891 3 1 158.67741935483872
1891 4 1 354.3666666666667
1891 5 1 553.3870967741935
1891 6 1 594.4666666666667
1891 7 1 1021.8709677419355
1891 8 1 550.6774193548387
1891 9 1 1301.4333333333334
1891 10 1 605.3225806451613
1891 11 1 637.4
1891 12 1 541.1935483870968
1892 1 1 1252.6774193548388
1892 2 1 1664.7586206896551
1892 3 1 757.7741935483871
1892 4 1 994.2666666666667
1892 5 1 1541.774193548387
1892 6 1 1117.6666666666667
1892 7 1 1920.741935483871
1892 8 1 1429.4516129032259
1892 9 1 1002.7333333333333
1892 10 1 910.9032258064516
1892 11 1 953.6
1892 12 1 865.4516129032259
1893 1 1 1158.0967741935483
1893 2 1 1283.75
1893 3 1 931.8709677419355
1893 4 1 1178.4333333333334
1893 5 1 1161.8387096774193
1893 6 1 1333.0333333333333
1893 7 1 1573.774193548387
1893 8 1 2340.8387096774195
1893 9 1 1644.4666666666667
1893 10 1 1503.967741935484
1893 11 1 1312.7333333333333
1893 12 1 1962.258064516129
1894 1 1 1514.258064516129
1894 2 1 1486.2142857142858
1894 3 1 623.5483870967741
1894 4 1 1603.6333333333334
1894 5 1 1779.0645161290322
1894 6 1 1898.3666666666666
1894 7 1 1740.6129032258063
1894 8 1 1164.5483870967741
1894 9 1 666.2
1894 10 1 1227.8387096774193
1894 11 1 585.4
1894 12 1 1038.516129032258
1895 1 1 911.5806451612904
1895 2 1 937.0714285714286
1895 3 1 1018.0
1895 4 1 1074.5
1895 5 1 901.8064516129032
1895 6 1 1143.4666666666667
1895 7 1 465.16129032258067
1895 8 1 1376.032258064516
1895 9 1 831.7
1895 10 1 1231.8387096774193
1895 11 1 722.4666666666667
1895 12 1 1037.1290322580646
1896 1 1 285.03225806451616
1896 2 1 868.9655172413793
1896 3 1 543.6129032258065
1896 4 1 423.5
1896 5 1 181.1290322580645
1896 6 1 820.6
1896 7 1 513.4193548387096
1896 8 1 264.741935483871
1896 9 1 1182.6
1896 10 1 303.64516129032256
1896 11 1 608.5666666666667
1896 12 1 533.0967741935484
1897 1 1 1330.967741935484
1897 2 1 880.0357142857143
1897 3 1 523.7741935483871
1897 4 1 384.06666666666666
1897 5 1 398.258064516129
1897 6 1 217.46666666666667
1897 7 1 189.2258064516129
1897 8 1 492.741935483871
1897 9 1 703.9
1897 10 1 82.70967741935483
1897 11 1 34.233333333333334
1897 12 1 750.258064516129
1898 1 1 411.03225806451616
1898 2 1 523.9642857142857
1898 3 1 624.5483870967741
1898 4 1 159.06666666666666
1898 5 1 247.5483870967742
1898 6 1 64.76666666666667
1898 7 1 48.064516129032256
1898 8 1 463.83870967741933
1898 9 1 858.2333333333333
1898 10 1 605.5483870967741
1898 11 1 317.43333333333334
1898 12 1 166.48387096774192
1899 1 1 215.6451612903226
1899 2 1 38.642857142857146
1899 3 1 280.64516129032256
1899 4 1 143.73333333333332
1899 5 1 50.67741935483871
1899 6 1 203.3
1899 7 1 197.09677419354838
1899 8 1 1.3870967741935485
1899 9 1 25.4
1899 10 1 74.80645161290323
1899 11 1 32.86666666666667
1899 12 1 54.16129032258065
1900 1 1 56.45161290322581
1900 2 1 102.03571428571429
1900 3 1 151.48387096774192
1900 4 1 97.36666666666666
1900 5 1 127.58064516129032
1900 6 1 113.73333333333333
1900 7 1 51.516129032258064
1900 8 1 10.709677419354838
1900 9 1 23.1
1900 10 1 138.2258064516129
1900 11 1 11.6
1900 12 1 0.0
1901 1 1 0.22580645161290322
1901 2 1 6.357142857142857
1901 3 1 13.32258064516129
1901 4 1 0.0
1901 5 1 208.48387096774192
1901 6 1 41.56666666666667
1901 7 1 0.967741935483871
1901 8 1 0.0
1901 9 1 0.23333333333333334
1901 10 1 14.774193548387096
1901 11 1 48.3
1901 12 1 0.0
1902 1 1 98.25806451612904
1902 2 1 0.39285714285714285
1902 3 1 173.96774193548387
1902 4 1 0.0
1902 5 1 36.096774193548384
1902 6 1 5.866666666666666
1902 7 1 0.3225806451612903
1902 8 1 2.3548387096774195
1902 9 1 76.03333333333333
1902 10 1 161.38709677419354
1902 11 1 149.63333333333333
1902 12 1 3.5161290322580645
1903 1 1 29.967741935483872
1903 2 1 129.85714285714286
1903 3 1 189.83870967741936
1903 4 1 325.1
1903 5 1 84.06451612903226
1903 6 1 98.86666666666666
1903 7 1 241.51612903225808
1903 8 1 112.7741935483871
1903 9 1 84.4
1903 10 1 1204.6774193548388
1903 11 1 911.2666666666667
1903 12 1 596.741935483871
1904 1 1 398.38709677419354
1904 2 1 333.51724137931035
1904 3 1 363.7096774193548
1904 4 1 901.3333333333334
1904 5 1 268.06451612903226
1904 6 1 330.43333333333334
1904 7 1 511.2903225806452
1904 8 1 576.1612903225806
1904 9 1 254.63333333333333
1904 10 1 634.9354838709677
1904 11 1 470.46666666666664
1904 12 1 777.9032258064516
1905 1 1 1065.0967741935483
1905 2 1 1983.392857142857
1905 3 1 1297.6774193548388
1905 4 1 408.4
1905 5 1 667.5806451612904
1905 6 1 651.3666666666667
1905 7 1 1585.2903225806451
1905 8 1 1159.516129032258
1905 9 1 696.2
1905 10 1 2060.451612903226
1905 11 1 1946.3
1905 12 1 793.6774193548387
1906 1 1 736.483870967742
1906 2 1 395.14285714285717
1906 3 1 1057.3870967741937
1906 4 1 687.9333333333333
1906 5 1 1105.483870967742
1906 6 1 749.3333333333334
1906 7 1 1446.9032258064517
1906 8 1 738.516129032258
1906 9 1 516.2666666666667
1906 10 1 98.6774193548387
1906 11 1 560.7333333333333
1906 12 1 1168.0645161290322
1907 1 1 1196.6774193548388
1907 2 1 2453.0
1907 3 1 809.0322580645161
1907 4 1 700.8666666666667
1907 5 1 608.2903225806451
1907 6 1 949.4
1907 7 1 882.5483870967741
1907 8 1 824.483870967742
1907 9 1 1410.2
1907 10 1 1193.4193548387098
1907 11 1 1074.6333333333334
1907 12 1 1002.7741935483871
1908 1 1 507.19354838709677
1908 2 1 270.37931034482756
1908 3 1 217.8709677419355
1908 4 1 707.2666666666667
1908 5 1 508.7096774193548
1908 6 1 630.7666666666667
1908 7 1 350.83870967741933
1908 8 1 1750.3870967741937
1908 9 1 1701.4
1908 10 1 369.3225806451613
1908 11 1 717.5333333333333
1908 12 1 638.1290322580645
1909 1 1 1192.483870967742
1909 2 1 774.3571428571429
1909 3 1 1026.5483870967741
1909 4 1 470.8666666666667
1909 5 1 503.0967741935484
1909 6 1 282.6666666666667
1909 7 1 563.516129032258
1909 8 1 124.70967741935483
1909 9 1 801.6333333333333
1909 10 1 866.9354838709677
1909 11 1 794.0333333333333
1909 12 1 893.258064516129
1910 1 1 381.7741935483871
1910 2 1 632.8214285714286
1910 3 1 287.35483870967744
1910 4 1 69.96666666666667
1910 5 1 326.7741935483871
1910 6 1 118.33333333333333
1910 7 1 186.4516129032258
1910 8 1 181.74193548387098
1910 9 1 434.43333333333334
1910 10 1 511.741935483871
1910 11 1 23.733333333333334
1910 12 1 37.03225806451613
1911 1 1 39.25806451612903
1911 2 1 88.53571428571429
1911 3 1 70.51612903225806
1911 4 1 259.96666666666664
1911 5 1 101.80645161290323
1911 6 1 30.0
1911 7 1 11.516129032258064
1911 8 1 27.64516129032258
1911 9 1 53.1
1911 10 1 17.903225806451612
1911 11 1 57.233333333333334
1911 12 1 15.451612903225806
1912 1 1 0.0
1912 2 1 0.0
1912 3 1 57.38709677419355
1912 4 1 88.23333333333333
1912 5 1 21.387096774193548
1912 6 1 84.36666666666666
1912 7 1 9.516129032258064
1912 8 1 0.25806451612903225
1912 9 1 47.266666666666666
1912 10 1 54.96774193548387
1912 11 1 2.8666666666666667
1912 12 1 81.58064516129032
1913 1 1 14.774193548387096
1913 2 1 23.25
1913 3 1 0.8064516129032258
1913 4 1 3.2666666666666666
1913 5 1 0.0
1913 6 1 0.0
1913 7 1 6.774193548387097
1913 8 1 0.0
1913 9 1 3.6
1913 10 1 14.838709677419354
1913 11 1 5.233333333333333
1913 12 1 17.774193548387096
1914 1 1 13.03225806451613
1914 2 1 10.678571428571429
1914 3 1 38.67741935483871
1914 4 1 286.8333333333333
1914 5 1 69.93548387096774
1914 6 1 172.5
1914 7 1 46.67741935483871
1914 8 1 296.741935483871
1914 9 1 344.0
1914 10 1 33.12903225806452
1914 11 1 221.96666666666667
1914 12 1 294.51612903225805
1915 1 1 302.51612903225805
1915 2 1 670.5714285714286
1915 3 1 483.0967741935484
1915 4 1 964.9333333333333
1915 5 1 528.3225806451613
1915 6 1 969.0
1915 7 1 1307.8709677419354
1915 8 1 946.2258064516129
1915 9 1 749.9666666666667
1915 10 1 647.3225806451613
1915 11 1 444.9
1915 12 1 358.5483870967742
1916 1 1 509.5806451612903
1916 2 1 712.5862068965517
1916 3 1 950.9354838709677
1916 4 1 806.4333333333333
1916 5 1 1037.8064516129032
1916 6 1 1118.3
1916 7 1 572.483870967742
1916 8 1 338.9032258064516
1916 9 1 466.1666666666667
1916 10 1 721.9677419354839
1916 11 1 637.5333333333333
1916 12 1 794.1935483870968
1917 1 1 1045.8064516129032
1917 2 1 1415.357142857143
1917 3 1 1152.9032258064517
1917 4 1 919.6666666666666
1917 5 1 1445.9032258064517
1917 6 1 1717.2
1917 7 1 1554.032258064516
1917 8 1 2977.6774193548385
1917 9 1 1875.0
1917 10 1 978.483870967742
1917 11 1 1027.8666666666666
1917 12 1 2297.0967741935483
1918 1 1 1797.3870967741937
1918 2 1 800.3571428571429
1918 3 1 854.1612903225806
1918 4 1 979.4333333333333
1918 5 1 953.258064516129
1918 6 1 567.5333333333333
1918 7 1 1281.516129032258
1918 8 1 1805.0645161290322
1918 9 1 944.3666666666667
1918 10 1 1229.0967741935483
1918 11 1 1006.1
1918 12 1 1097.7096774193549
1919 1 1 623.483870967742
1919 2 1 1363.4285714285713
1919 3 1 1190.1935483870968
1919 4 1 707.5
1919 5 1 1651.2903225806451
1919 6 1 1876.6333333333334
1919 7 1 902.3548387096774
1919 8 1 1383.8709677419354
1919 9 1 1095.4333333333334
1919 10 1 774.4193548387096
1919 11 1 761.2333333333333
1919 12 1 326.4193548387097
1920 1 1 1167.1935483870968
1920 2 1 552.9655172413793
1920 3 1 1416.032258064516
1920 4 1 327.8333333333333
1920 5 1 301.4193548387097
1920 6 1 539.1666666666666
1920 7 1 407.1290322580645
1920 8 1 183.6451612903226
1920 9 1 851.6333333333333
1920 10 1 617.5806451612904
1920 11 1 603.4
1920 12 1 439.16129032258067
1921 1 1 490.6774193548387
1921 2 1 317.9642857142857
1921 3 1 392.61290322580646
1921 4 1 448.56666666666666
1921 5 1 604.0322580645161
1921 6 1 387.3666666666667
1921 7 1 577.3870967741935
1921 8 1 270.80645161290323
1921 9 1 332.8666666666667
1921 10 1 310.64516129032256
1921 11 1 505.4
1921 12 1 397.03225806451616
1922 1 1 90.48387096774194
1922 2 1 492.9642857142857
1922 3 1 1235.8709677419354
1922 4 1 85.36666666666666
1922 5 1 123.80645161290323
1922 6 1 16.1
1922 7 1 116.7741935483871
1922 8 1 86.61290322580645
1922 9 1 57.5
1922 10 1 63.54838709677419
1922 11 1 176.3
1922 12 1 478.06451612903226
1923 1 1 93.54838709677419
1923 2 1 1.8214285714285714
1923 3 1 16.032258064516128
1923 4 1 30.433333333333334
1923 5 1 19.451612903225808
1923 6 1 73.56666666666666
1923 7 1 29.322580645161292
1923 8 1 1.7419354838709677
1923 9 1 134.43333333333334
1923 10 1 117.16129032258064
1923 11 1 112.7
1923 12 1 25.806451612903224
1924 1 1 1.6774193548387097
1924 2 1 68.03448275862068
1924 3 1 33.25806451612903
1924 4 1 148.53333333333333
1924 5 1 246.7741935483871
1924 6 1 427.03333333333336
1924 7 1 358.5483870967742
1924 8 1 360.3225806451613
1924 9 1 422.76666666666665
1924 10 1 468.5483870967742
1924 11 1 588.1666666666666
1924 12 1 192.25806451612902
1925 1 1 36.193548387096776
1925 2 1 313.64285714285717
1925 3 1 231.03225806451613
1925 4 1 311.8
1925 5 1 703.1612903225806
1925 6 1 648.2666666666667
1925 7 1 426.1290322580645
1925 8 1 473.741935483871
1925 9 1 759.7333333333333
1925 10 1 1304.9032258064517
1925 11 1 1432.5333333333333
1925 12 1 3259.8709677419356
1926 1 1 2695.0
1926 2 1 1915.8214285714287
1926 3 1 1272.774193548387
1926 4 1 469.03333333333336
1926 5 1 1085.9032258064517
1926 6 1 1277.2
1926 7 1 842.4516129032259
1926 8 1 874.516129032258
1926 9 1 1216.3
1926 10 1 1418.6451612903227
1926 11 1 650.3333333333334
1926 12 1 1439.8709677419354
1927 1 1 1810.0
1927 2 1 1364.75
1927 3 1 902.2903225806451
1927 4 1 1378.9666666666667
1927 5 1 967.2903225806451
1927 6 1 873.6
1927 7 1 811.7741935483871
1927 8 1 1030.1290322580646
1927 9 1 1173.0666666666666
1927 10 1 819.3225806451613
1927 11 1 975.2333333333333
1927 12 1 623.0967741935484
1928 1 1 1509.1612903225807
1928 2 1 1146.2068965517242
1928 3 1 1694.2903225806451
1928 4 1 1368.1
1928 5 1 1243.1290322580646
1928 6 1 1358.9
1928 7 1 1936.4193548387098
1928 8 1 1331.8709677419354
1928 9 1 2213.4666666666667
1928 10 1 992.516129032258
1928 11 1 794.4
1928 12 1 1078.483870967742
1929 1 1 980.0967741935484
1929 2 1 821.5714285714286
1929 3 1 1058.032258064516
1929 4 1 1036.9666666666667
1929 5 1 849.3870967741935
1929 6 1 1198.9666666666667
1929 7 1 1026.9354838709678
1929 8 1 744.0322580645161
1929 9 1 278.03333333333336
1929 10 1 1309.9354838709678
1929 11 1 2478.766666666667
1929 12 1 3084.2903225806454
1930 1 1 1141.2903225806451
1930 2 1 683.7142857142857
1930 3 1 656.7096774193549
1930 4 1 561.5333333333333
1930 5 1 490.3225806451613
1930 6 1 278.7
1930 7 1 152.93548387096774
1930 8 1 283.06451612903226
1930 9 1 368.1666666666667
1930 10 1 682.258064516129
1930 11 1 661.3333333333334
1930 12 1 239.32258064516128
1931 1 1 179.70967741935485
1931 2 1 812.0714285714286
1931 3 1 552.6129032258065
1931 4 1 431.8333333333333
1931 5 1 291.64516129032256
1931 6 1 178.5
1931 7 1 108.58064516129032
1931 8 1 82.87096774193549
1931 9 1 149.13333333333333
1931 10 1 94.48387096774194
1931 11 1 263.1666666666667
1931 12 1 204.19354838709677
1932 1 1 127.06451612903226
1932 2 1 123.48275862068965
1932 3 1 150.41935483870967
1932 4 1 222.53333333333333
1932 5 1 322.96774193548384
1932 6 1 343.96666666666664
1932 7 1 116.09677419354838
1932 8 1 79.93548387096774
1932 9 1 8.633333333333333
1932 10 1 71.0
1932 11 1 125.2
1932 12 1 266.4516129032258
1933 1 1 179.80645161290323
1933 2 1 608.5
1933 3 1 162.25806451612902
1933 4 1 15.366666666666667
1933 5 1 15.709677419354838
1933 6 1 39.03333333333333
1933 7 1 12.225806451612904
1933 8 1 0.3225806451612903
1933 9 1 19.533333333333335
1933 10 1 37.29032258064516
1933 11 1 4.333333333333333
1933 12 1 0.7419354838709677
1934 1 1 42.83870967741935
1934 2 1 58.892857142857146
1934 3 1 11.419354838709678
1934 4 1 355.03333333333336
1934 5 1 373.38709677419354
1934 6 1 99.7
1934 7 1 105.90322580645162
1934 8 1 96.51612903225806
1934 9 1 21.066666666666666
1934 10 1 21.06451612903226
1934 11 1 79.86666666666666
1934 12 1 152.96774193548387
1935 1 1 312.2258064516129
1935 2 1 256.07142857142856
1935 3 1 196.93548387096774
1935 4 1 126.23333333333333
1935 5 1 361.80645161290323
1935 6 1 690.2333333333333
1935 7 1 571.7741935483871
1935 8 1 444.5483870967742
1935 9 1 544.7
1935 10 1 741.4193548387096
1935 11 1 1557.1333333333334
1935 12 1 1661.967741935484
1936 1 1 1647.3548387096773
1936 2 1 1226.655172413793
1936 3 1 1128.0
1936 4 1 1044.5666666666666
1936 5 1 566.0
1936 6 1 804.2333333333333
1936 7 1 628.7741935483871
1936 8 1 952.0322580645161
1936 9 1 924.1
1936 10 1 1084.774193548387
1936 11 1 1938.1
1936 12 1 1745.3548387096773
1937 1 1 2252.935483870968
1937 2 1 2347.5
1937 3 1 1142.9032258064517
1937 4 1 2256.6
1937 5 1 2337.2580645161293
1937 6 1 2712.5
1937 7 1 3363.3870967741937
1937 8 1 2504.064516129032
1937 9 1 1504.4666666666667
1937 10 1 2358.3548387096776
1937 11 1 852.8333333333334
1937 12 1 1240.4193548387098
1938 1 1 2264.8387096774195
1938 2 1 1744.0357142857142
1938 3 1 1473.4516129032259
1938 4 1 2365.633333333333
1938 5 1 2319.6774193548385
1938 6 1 1322.8333333333333
1938 7 1 3163.2580645161293
1938 8 1 1678.741935483871
1938 9 1 1603.4333333333334
1938 10 1 1917.2903225806451
1938 11 1 2412.9333333333334
1938 12 1 1916.774193548387
1939 1 1 1159.1290322580646
1939 2 1 1031.1785714285713
1939 3 1 763.2258064516129
1939 4 1 1999.7333333333333
1939 5 1 1751.0
1939 6 1 1130.6333333333334
1939 7 1 1962.3870967741937
1939 8 1 2326.9032258064517
1939 9 1 3165.1
1939 10 1 1920.258064516129
1939 11 1 1170.6
1939 12 1 541.8709677419355
1940 1 1 1158.516129032258
1940 2 1 963.6551724137931
1940 3 1 1467.4516129032259
1940 4 1 642.0666666666667
1940 5 1 668.2903225806451
1940 6 1 1297.0333333333333
1940 7 1 893.0645161290323
1940 8 1 1899.8387096774193
1940 9 1 945.8333333333334
1940 10 1 1057.6129032258063
1940 11 1 594.3
1940 12 1 858.3225806451613
1941 1 1 483.9032258064516
1941 2 1 478.89285714285717
1941 3 1 519.483870967742
1941 4 1 347.26666666666665
1941 5 1 206.48387096774192
1941 6 1 775.8333333333334
1941 7 1 997.0967741935484
1941 8 1 907.8064516129032
1941 9 1 1347.8333333333333
1941 10 1 828.7096774193549
1941 11 1 641.6666666666666
1941 12 1 362.48387096774195
1942 1 1 361.7741935483871
1942 2 1 991.3214285714286
1942 3 1 923.5806451612904
1942 4 1 977.6
1942 5 1 275.51612903225805
1942 6 1 89.46666666666667
1942 7 1 188.03225806451613
1942 8 1 242.38709677419354
1942 9 1 108.7
1942 10 1 230.93548387096774
1942 11 1 485.4
1942 12 1 253.25806451612902
1943 1 1 72.3225806451613
1943 2 1 551.6071428571429
1943 3 1 628.0
1943 4 1 753.1666666666666
1943 5 1 248.6451612903226
1943 6 1 36.733333333333334
1943 7 1 239.96774193548387
1943 8 1 142.70967741935485
1943 9 1 242.0
1943 10 1 234.67741935483872
1943 11 1 126.8
1943 12 1 284.5806451612903
1944 1 1 25.64516129032258
1944 2 1 1.5862068965517242
1944 3 1 145.29032258064515
1944 4 1 0.7333333333333333
1944 5 1 8.806451612903226
1944 6 1 52.5
1944 7 1 24.225806451612904
1944 8 1 78.41935483870968
1944 9 1 250.06666666666666
1944 10 1 192.7741935483871
1944 11 1 177.5
1944 12 1 538.2903225806451
1945 1 1 182.25806451612902
1945 2 1 92.25
1945 3 1 514.6451612903226
1945 4 1 584.5666666666667
1945 5 1 283.0
1945 6 1 399.23333333333335
1945 7 1 505.5806451612903
1945 8 1 270.741935483871
1945 9 1 450.6666666666667
1945 10 1 1111.1935483870968
1945 11 1 398.6
1945 12 1 325.3225806451613
1946 1 1 1237.4516129032259
1946 2 1 3091.035714285714
1946 3 1 1550.9354838709678
1946 4 1 1433.4666666666667
1946 5 1 1084.9032258064517
1946 6 1 715.7
1946 7 1 2912.4193548387098
1946 8 1 2290.7419354838707
1946 9 1 1859.8333333333333
1946 10 1 1344.5483870967741
1946 11 1 1852.3666666666666
1946 12 1 2513.516129032258
1947 1 1 2307.5806451612902
1947 2 1 2721.0
1947 3 1 3595.7741935483873
1947 4 1 3950.3
1947 5 1 3741.2580645161293
1947 6 1 1933.8333333333333
1947 7 1 2451.0967741935483
1947 8 1 3207.3225806451615
1947 9 1 1991.6
1947 10 1 2379.7741935483873
1947 11 1 1686.4
1947 12 1 1642.5806451612902
1948 1 1 1113.0645161290322
1948 2 1 1089.5862068965516
1948 3 1 1261.2903225806451
1948 4 1 3432.1
1948 5 1 3305.2258064516127
1948 6 1 2559.4333333333334
1948 7 1 1766.0
1948 8 1 2075.2580645161293
1948 9 1 1864.9333333333334
1948 10 1 1745.2903225806451
1948 11 1 1006.0666666666667
1948 12 1 2476.9032258064517
1949 1 1 2240.032258064516
1949 2 1 3640.285714285714
1949 3 1 3276.7096774193546
1949 4 1 1882.2666666666667
1949 5 1 1217.0645161290322
1949 6 1 1606.3666666666666
1949 7 1 1751.967741935484
1949 8 1 2265.064516129032
1949 9 1 2185.4666666666667
1949 10 1 1815.032258064516
1949 11 1 2312.9666666666667
1949 12 1 1486.4516129032259
1950 1 1 1416.225806451613
1950 2 1 1927.3214285714287
1950 3 1 1660.2903225806451
1950 4 1 2359.0666666666666
1950 5 1 1578.0645161290322
1950 6 1 1048.3333333333333
1950 7 1 1255.7096774193549
1950 8 1 1068.5483870967741
1950 9 1 488.4
1950 10 1 571.0645161290323
1950 11 1 744.9333333333333
1950 12 1 610.1935483870968
1951 1 1 746.4193548387096
1951 2 1 626.7142857142857
1951 3 1 845.2258064516129
1951 4 1 1598.9666666666667
1951 5 1 2899.032258064516
1951 6 1 2477.0666666666666
1951 7 1 779.9354838709677
1951 8 1 663.9677419354839
1951 9 1 959.9333333333333
1951 10 1 757.3548387096774
1951 11 1 666.0333333333333
1951 12 1 602.483870967742
1952 1 1 463.96774193548384
1952 2 1 305.41379310344826
1952 3 1 141.93548387096774
1952 4 1 351.03333333333336
1952 5 1 256.5806451612903
1952 6 1 393.1
1952 7 1 654.3225806451613
1952 8 1 688.741935483871
1952 9 1 306.96666666666664
1952 10 1 339.48387096774195
1952 11 1 455.4
1952 12 1 477.2903225806452
1953 1 1 288.7096774193548
1953 2 1 10.5
1953 3 1 70.3225806451613
1953 4 1 405.5
1953 5 1 195.58064516129033
1953 6 1 217.83333333333334
1953 7 1 80.70967741935483
1953 8 1 268.9032258064516
1953 9 1 141.1
1953 10 1 46.96774193548387
1953 11 1 9.1
1953 12 1 6.0
1954 1 1 0.7096774193548387
1954 2 1 1.3928571428571428
1954 3 1 157.41935483870967
1954 4 1 3.1666666666666665
1954 5 1 0.8064516129032258
1954 6 1 1.8333333333333333
1954 7 1 10.548387096774194
1954 8 1 57.96774193548387
1954 9 1 2.2333333333333334
1954 10 1 15.709677419354838
1954 11 1 57.8
1954 12 1 106.16129032258064
1955 1 1 540.9032258064516
1955 2 1 287.39285714285717
1955 3 1 37.193548387096776
1955 4 1 80.13333333333334
1955 5 1 302.06451612903226
1955 6 1 490.46666666666664
1955 7 1 216.38709677419354
1955 8 1 574.0322580645161
1955 9 1 436.76666666666665
1955 10 1 921.3225806451613
1955 11 1 1664.6666666666667
1955 12 1 1076.774193548387
1956 1 1 1584.0
1956 2 1 2878.2413793103447
1956 3 1 1855.8709677419354
1956 4 1 1418.5333333333333
1956 5 1 2220.5806451612902
1956 6 1 1673.4
1956 7 1 1872.8387096774193
1956 8 1 3016.1935483870966
1956 9 1 2598.4
1956 10 1 2385.3870967741937
1956 11 1 3823.3333333333335
1956 12 1 3409.6129032258063
1957 1 1 2328.1290322580644
1957 2 1 1454.5714285714287
1957 3 1 1814.1935483870968
1957 4 1 2064.0333333333333
1957 5 1 2568.7096774193546
1957 6 1 4535.8
1957 7 1 3150.2903225806454
1957 8 1 2356.5806451612902
1957 9 1 4554.033333333334
1957 10 1 4473.677419354839
1957 11 1 3011.6
1957 12 1 4270.096774193548
1958 1 1 2994.2903225806454
1958 2 1 2546.6071428571427
1958 3 1 4437.580645161291
1958 4 1 3603.266666666667
1958 5 1 2707.8064516129034
1958 6 1 2600.3
1958 7 1 3298.8064516129034
1958 8 1 2899.1290322580644
1958 9 1 3340.6
1958 10 1 2597.064516129032
1958 11 1 1877.9
1958 12 1 3231.8064516129034
1959 1 1 4901.967741935484
1959 2 1 2410.25
1959 3 1 3740.2258064516127
1959 4 1 2701.0333333333333
1959 5 1 2807.3870967741937
1959 6 1 3080.9333333333334
1959 7 1 2684.8064516129034
1959 8 1 3535.9032258064517
1959 9 1 2415.133333333333
1959 10 1 1465.0645161290322
1959 11 1 2386.133333333333
1959 12 1 2346.6129032258063
1960 1 1 2536.1290322580644
1960 2 1 1805.2068965517242
1960 3 1 1191.741935483871
1960 4 1 1786.5
1960 5 1 2078.8709677419356
1960 6 1 1414.4333333333334
1960 7 1 1857.258064516129
1960 8 1 2033.967741935484
1960 9 1 1439.2
1960 10 1 1168.6129032258063
1960 11 1 1476.1333333333334
1960 12 1 906.6129032258065
1961 1 1 772.7096774193549
1961 2 1 357.60714285714283
1961 3 1 512.5806451612904
1961 4 1 638.1
1961 5 1 459.8709677419355
1961 6 1 961.9
1961 7 1 1155.483870967742
1961 8 1 498.4193548387097
1961 9 1 963.0666666666667
1961 10 1 329.0
1961 11 1 314.76666666666665
1961 12 1 398.35483870967744
1962 1 1 593.8064516129032
1962 2 1 826.8571428571429
1962 3 1 693.0
1962 4 1 554.2666666666667
1962 5 1 634.0322580645161
1962 6 1 362.8
1962 7 1 262.8709677419355
1962 8 1 140.29032258064515
1962 9 1 657.5
1962 10 1 371.5806451612903
1962 11 1 291.1333333333333
1962 12 1 173.96774193548387
1963 1 1 174.5483870967742
1963 2 1 194.14285714285714
1963 3 1 144.4516129032258
1963 4 1 303.03333333333336
1963 5 1 507.16129032258067
1963 6 1 349.43333333333334
1963 7 1 147.93548387096774
1963 8 1 322.4516129032258
1963 9 1 622.7
1963 10 1 433.93548387096774
1963 11 1 185.33333333333334
1963 12 1 68.96774193548387
1964 1 1 105.09677419354838
1964 2 1 84.0
1964 3 1 149.83870967741936
1964 4 1 17.833333333333332
1964 5 1 30.903225806451612
1964 6 1 25.166666666666668
1964 7 1 7.645161290322581
1964 8 1 51.483870967741936
1964 9 1 16.6
1964 10 1 24.580645161290324
1964 11 1 27.133333333333333
1964 12 1 106.6774193548387
1965 1 1 145.8709677419355
1965 2 1 112.5
1965 3 1 52.903225806451616
1965 4 1 23.566666666666666
1965 5 1 224.58064516129033
1965 6 1 94.1
1965 7 1 73.41935483870968
1965 8 1 22.0
1965 9 1 156.13333333333333
1965 10 1 175.29032258064515
1965 11 1 139.6
1965 12 1 139.67741935483872
1966 1 1 283.16129032258067
1966 2 1 240.28571428571428
1966 3 1 563.7741935483871
1966 4 1 786.9
1966 5 1 411.8709677419355
1966 6 1 318.8
1966 7 1 762.1290322580645
1966 8 1 521.516129032258
1966 9 1 939.3333333333334
1966 10 1 637.741935483871
1966 11 1 710.3666666666667
1966 12 1 934.8064516129032
1967 1 1 1840.3548387096773
1967 2 1 1493.25
1967 3 1 2081.516129032258
1967 4 1 892.1666666666666
1967 5 1 1730.6129032258063
1967 6 1 1025.6666666666667
1967 7 1 1476.3870967741937
1967 8 1 2128.548387096774
1967 9 1 886.1333333333333
1967 10 1 1117.483870967742
1967 11 1 1553.4333333333334
1967 12 1 2004.225806451613
1968 1 1 2482.7741935483873
1968 2 1 1879.2758620689656
1968 3 1 1117.4516129032259
1968 4 1 1001.9666666666667
1968 5 1 1904.1290322580646
1968 6 1 1838.5333333333333
1968 7 1 1481.9354838709678
1968 8 1 1640.6129032258063
1968 9 1 1264.4
1968 10 1 1406.6774193548388
1968 11 1 1134.3333333333333
1968 12 1 1685.032258064516
1969 1 1 1571.0
1969 2 1 1272.357142857143
1969 3 1 2187.2903225806454
1969 4 1 1508.7
1969 5 1 1335.5483870967741
1969 6 1 1793.9333333333334
1969 7 1 1167.5806451612902
1969 8 1 1200.1290322580646
1969 9 1 845.8
1969 10 1 1574.1290322580646
1969 11 1 1698.7
1969 12 1 1246.516129032258
1970 1 1 1593.3548387096773
1970 2 1 2255.9285714285716
1970 3 1 1382.8387096774193
1970 4 1 1920.1
1970 5 1 2126.935483870968
1970 6 1 1529.5666666666666
1970 7 1 1646.1612903225807
1970 8 1 1310.8709677419354
1970 9 1 1256.4
1970 10 1 1271.1935483870968
1970 11 1 1566.3
1970 12 1 1355.3548387096773
1971 1 1 1942.4516129032259
1971 2 1 1433.8214285714287
1971 3 1 688.0645161290323
1971 4 1 883.9666666666667
1971 5 1 701.7741935483871
1971 6 1 487.3333333333333
1971 7 1 1122.032258064516
1971 8 1 1156.1612903225807
1971 9 1 599.0333333333333
1971 10 1 954.6451612903226
1971 11 1 913.9
1971 12 1 999.2258064516129
1972 1 1 522.3548387096774
1972 2 1 1338.2068965517242
1972 3 1 1207.5806451612902
1972 4 1 572.4
1972 5 1 1318.5806451612902
1972 6 1 1321.9333333333334
1972 7 1 929.1612903225806
1972 8 1 1051.7096774193549
1972 9 1 604.7333333333333
1972 10 1 1017.0967741935484
1972 11 1 554.8666666666667
1972 12 1 561.6774193548387
1973 1 1 399.06451612903226
1973 2 1 423.67857142857144
1973 3 1 722.0
1973 4 1 765.0666666666667
1973 5 1 411.4516129032258
1973 6 1 441.0
1973 7 1 281.5806451612903
1973 8 1 262.2258064516129
1973 9 1 883.4333333333333
1973 10 1 407.03225806451616
1973 11 1 242.63333333333333
1973 12 1 251.3548387096774
1974 1 1 204.58064516129033
1974 2 1 252.78571428571428
1974 3 1 128.16129032258064
1974 4 1 513.5333333333333
1974 5 1 382.9032258064516
1974 6 1 292.6333333333333
1974 7 1 831.1290322580645
1974 8 1 432.19354838709677
1974 9 1 584.3333333333334
1974 10 1 603.0
1974 11 1 309.5
1974 12 1 251.58064516129033
1975 1 1 155.3548387096774
1975 2 1 80.25
1975 3 1 64.06451612903226
1975 4 1 17.266666666666666
1975 5 1 59.903225806451616
1975 6 1 106.9
1975 7 1 353.5806451612903
1975 8 1 701.9677419354839
1975 9 1 74.03333333333333
1975 10 1 114.2258064516129
1975 11 1 235.1
1975 12 1 34.225806451612904
1976 1 1 115.45161290322581
1976 2 1 11.275862068965518
1976 3 1 336.2903225806452
1976 4 1 376.3
1976 5 1 104.09677419354838
1976 6 1 76.3
1976 7 1 8.741935483870968
1976 8 1 290.741935483871
1976 9 1 169.3
1976 10 1 181.93548387096774
1976 11 1 91.96666666666667
1976 12 1 196.32258064516128
1977 1 1 105.96774193548387
1977 2 1 154.28571428571428
1977 3 1 26.129032258064516
1977 4 1 88.5
1977 5 1 94.19354838709677
1977 6 1 441.0
1977 7 1 146.58064516129033
1977 8 1 195.16129032258064
1977 9 1 632.6666666666666
1977 10 1 436.4516129032258
1977 11 1 193.33333333333334
1977 12 1 460.3225806451613
1978 1 1 399.03225806451616
1978 2 1 1358.2142857142858
1978 3 1 924.6774193548387
1978 4 1 1086.2
1978 5 1 962.0
1978 6 1 839.9333333333333
1978 7 1 627.4516129032259
1978 8 1 378.9032258064516
1978 9 1 1425.8333333333333
1978 10 1 1039.7096774193549
1978 11 1 1025.7333333333333
1978 12 1 1662.483870967742
1979 1 1 1920.032258064516
1979 2 1 1583.8214285714287
1979 3 1 1129.741935483871
1979 4 1 1302.7
1979 5 1 1197.6451612903227
1979 6 1 1867.8
1979 7 1 1282.5483870967741
1979 8 1 1431.225806451613
1979 9 1 1613.0666666666666
1979 10 1 1931.3870967741937
1979 11 1 2237.366666666667
1979 12 1 1270.6129032258063
1980 1 1 1382.258064516129
1980 2 1 1509.3103448275863
1980 3 1 810.0
1980 4 1 2019.6666666666667
1980 5 1 2060.0
1980 6 1 1400.5
1980 7 1 1430.967741935484
1980 8 1 1040.3225806451612
1980 9 1 1424.8333333333333
1980 10 1 1763.7096774193549
1980 11 1 2202.3333333333335
1980 12 1 1476.4516129032259
1981 1 1 891.8064516129032
1981 2 1 1583.25
1981 3 1 1677.5806451612902
1981 4 1 1583.3333333333333
1981 5 1 1487.4193548387098
1981 6 1 1036.5
1981 7 1 2353.548387096774
1981 8 1 1314.6774193548388
1981 9 1 1837.1666666666667
1981 10 1 2314.0967741935483
1981 11 1 1576.5333333333333
1981 12 1 1803.3870967741937
1982 1 1 1148.3870967741937
1982 2 1 2755.0
1982 3 1 2549.6774193548385
1982 4 1 1418.0
1982 5 1 992.9032258064516
1982 6 1 2193.3333333333335
1982 7 1 1363.5483870967741
1982 8 1 1475.1612903225807
1982 9 1 1270.3333333333333
1982 10 1 1099.6774193548388
1982 11 1 1322.3333333333333
1982 12 1 1933.8709677419354
1983 1 1 867.4193548387096
1983 2 1 683.9285714285714
1983 3 1 647.0967741935484
1983 4 1 697.6666666666666
1983 5 1 1240.3225806451612
1983 6 1 1127.0
1983 7 1 789.3548387096774
1983 8 1 604.1935483870968
1983 9 1 433.6666666666667
1983 10 1 645.8064516129032
1983 11 1 145.33333333333334
1983 12 1 209.67741935483872
1984 1 1 1130.0
1984 2 1 1553.448275862069
1984 3 1 738.0645161290323
1984 4 1 1231.0
1984 5 1 1156.4516129032259
1984 6 1 420.6666666666667
1984 7 1 206.4516129032258
1984 8 1 136.7741935483871
1984 9 1 93.33333333333333
1984 10 1 49.354838709677416
1984 11 1 167.33333333333334
1984 12 1 71.29032258064517
1985 1 1 120.3225806451613
1985 2 1 72.85714285714286
1985 3 1 94.51612903225806
1985 4 1 263.0
1985 5 1 236.7741935483871
1985 6 1 176.33333333333334
1985 7 1 280.3225806451613
1985 8 1 32.25806451612903
1985 9 1 13.666666666666666
1985 10 1 138.06451612903226
1985 11 1 71.66666666666667
1985 12 1 36.45161290322581
1986 1 1 23.225806451612904
1986 2 1 298.2142857142857
1986 3 1 104.19354838709677
1986 4 1 124.66666666666667
1986 5 1 32.25806451612903
1986 6 1 1.3333333333333333
1986 7 1 75.16129032258064
1986 8 1 58.38709677419355
1986 9 1 17.0
1986 10 1 257.0967741935484
1986 11 1 67.33333333333333
1986 12 1 10.0
1987 1 1 18.06451612903226
1987 2 1 9.642857142857142
1987 3 1 77.74193548387096
1987 4 1 359.0
1987 5 1 316.1290322580645
1987 6 1 74.33333333333333
1987 7 1 183.2258064516129
1987 8 1 404.19354838709677
1987 9 1 178.33333333333334
1987 10 1 352.5806451612903
1987 11 1 350.0
1987 12 1 210.32258064516128
1988 1 1 349.6774193548387
1988 2 1 362.7586206896552
1988 3 1 621.9354838709677
1988 4 1 737.6666666666666
1988 5 1 351.61290322580646
1988 6 1 1254.0
1988 7 1 1460.0
1988 8 1 1224.516129032258
1988 9 1 872.0
1988 10 1 1486.774193548387
1988 11 1 1138.0
1988 12 1 1731.2903225806451
1989 1 1 2108.7096774193546
1989 2 1 1851.7857142857142
1989 3 1 2181.935483870968
1989 4 1 1396.0
1989 5 1 1302.9032258064517
1989 6 1 2652.6666666666665
1989 7 1 1073.8709677419354
1989 8 1 2250.0
1989 9 1 2363.3333333333335
1989 10 1 1434.1935483870968
1989 11 1 1778.0
1989 12 1 1714.1935483870968
1990 1 1 1485.8064516129032
1990 2 1 1233.5714285714287
1990 3 1 1304.8387096774193
1990 4 1 1118.0
1990 5 1 1337.4193548387098
1990 6 1 952.6666666666666
1990 7 1 1481.6129032258063
1990 8 1 2438.7096774193546
1990 9 1 1187.3333333333333
1990 10 1 1398.3870967741937
1990 11 1 1995.3333333333333
1990 12 1 1626.4516129032259
1991 1 1 2293.8709677419356
1991 2 1 2262.8571428571427
1991 3 1 1995.8064516129032
1991 4 1 1062.0
1991 5 1 1625.483870967742
1991 6 1 1949.0
1991 7 1 1803.8709677419354
1991 8 1 1890.0
1991 9 1 1168.0
1991 10 1 1967.0967741935483
1991 11 1 978.6666666666666
1991 12 1 2176.451612903226
1992 1 1 1723.8709677419354
1992 2 1 2026.551724137931
1992 3 1 908.0645161290323
1992 4 1 954.6666666666666
1992 5 1 544.1935483870968
1992 6 1 515.3333333333334
1992 7 1 858.0645161290323
1992 8 1 811.2903225806451
1992 9 1 524.1666666666666
1992 10 1 1008.0645161290323
1992 11 1 999.3333333333334
1992 12 1 690.9677419354839
1993 1 1 438.38709677419354
1993 2 1 1107.5
1993 3 1 715.1612903225806
1993 4 1 491.3333333333333
1993 5 1 406.1290322580645
1993 6 1 425.3333333333333
1993 7 1 344.19354838709677
1993 8 1 292.258064516129
1993 9 1 222.66666666666666
1993 10 1 570.0
1993 11 1 468.0
1993 12 1 486.4516129032258
1994 1 1 735.8064516129032
1994 2 1 312.85714285714283
1994 3 1 122.25806451612904
1994 4 1 86.33333333333333
1994 5 1 179.67741935483872
1994 6 1 140.0
1994 7 1 210.96774193548387
1994 8 1 154.83870967741936
1994 9 1 278.6666666666667
1994 10 1 374.19354838709677
1994 11 1 81.0
1994 12 1 240.96774193548387
1995 1 1 132.58064516129033
1995 2 1 168.21428571428572
1995 3 1 225.16129032258064
1995 4 1 102.0
1995 5 1 135.48387096774192
1995 6 1 97.66666666666667
1995 7 1 106.45161290322581
1995 8 1 58.70967741935484
1995 9 1 39.0
1995 10 1 192.58064516129033
1995 11 1 64.33333333333333
1995 12 1 46.12903225806452
1996 1 1 52.903225806451616
1996 2 1 12.068965517241379
1996 3 1 35.16129032258065
1996 4 1 16.0
1996 5 1 34.193548387096776
1996 6 1 59.666666666666664
1996 7 1 116.7741935483871
1996 8 1 92.90322580645162
1996 9 1 3.6666666666666665
1996 10 1 1.2903225806451613
1996 11 1 198.33333333333334
1996 12 1 79.03225806451613
1997 1 1 7.741935483870968
1997 2 1 27.142857142857142
1997 3 1 36.45161290322581
1997 4 1 62.0
1997 5 1 83.2258064516129
1997 6 1 43.333333333333336
1997 7 1 27.741935483870968
1997 8 1 106.7741935483871
1997 9 1 518.6666666666666
1997 10 1 93.87096774193549
1997 11 1 451.6666666666667
1997 12 1 343.5483870967742
1998 1 1 184.19354838709677
1998 2 1 220.0
1998 3 1 578.7096774193549
1998 4 1 372.0
1998 5 1 481.2903225806452
1998 6 1 485.0
1998 7 1 492.9032258064516
1998 8 1 970.6451612903226
1998 9 1 951.3333333333334
1998 10 1 335.16129032258067
1998 11 1 719.0
1998 12 1 750.3225806451613
1999 1 1 453.2258064516129
1999 2 1 669.2857142857143
1999 3 1 468.38709677419354
1999 4 1 328.6666666666667
1999 5 1 819.0322580645161
1999 6 1 1207.3333333333333
1999 7 1 1095.483870967742
1999 8 1 998.0645161290323
1999 9 1 435.6666666666667
1999 10 1 1078.3870967741937
1999 11 1 1337.0
1999 12 1 1069.6774193548388
2000 1 1 662.258064516129
2000 2 1 1007.2413793103449
2000 3 1 1586.774193548387
2000 4 1 1330.6666666666667
2000 5 1 1558.7096774193549
2000 6 1 1495.3333333333333
2000 7 1 1674.1935483870968
2000 8 1 773.2258064516129
2000 9 1 1337.3333333333333
2000 10 1 677.741935483871
2000 11 1 965.0
2000 12 1 731.6129032258065
2001 1 1 667.741935483871
2001 2 1 478.2142857142857
2001 3 1 1193.5483870967741
2001 4 1 1352.0
2001 5 1 792.258064516129
2001 6 1 1275.6666666666667
2001 7 1 585.1612903225806
2001 8 1 1156.4516129032259
2001 9 1 2171.7
2001 10 1 1520.6451612903227
2001 11 1 1731.5
2001 12 1 1681.6129032258063
2002 1 1 1272.4193548387098
2002 2 1 1169.2857142857142
2002 3 1 976.8387096774194
2002 4 1 1466.6666666666667
2002 5 1 1558.7096774193549
2002 6 1 962.0
2002 7 1 1569.032258064516
2002 8 1 1805.1612903225807
2002 9 1 1495.3333333333333
2002 10 1 1285.3225806451612
2002 11 1 1317.0
2002 12 1 797.0967741935484
2003 1 1 705.483870967742
2003 2 1 338.57142857142856
2003 3 1 845.1612903225806
2003 4 1 791.3333333333334
2003 5 1 679.0322580645161
2003 6 1 914.3333333333334
2003 7 1 840.9677419354839
2003 8 1 677.741935483871
2003 9 1 424.0
2003 10 1 1615.1612903225807
2003 11 1 1138.6666666666667
2003 12 1 451.61290322580646
2004 1 1 544.8387096774194
2004 2 1 442.7586206896552
2004 3 1 500.0
2004 4 1 314.0
2004 5 1 448.06451612903226
2004 6 1 424.0
2004 7 1 885.3225806451613
2004 8 1 703.8709677419355
2004 9 1 404.3333333333333
2004 10 1 428.8709677419355
2004 11 1 568.6666666666666
2004 12 1 196.1290322580645
2005 1 1 643.2258064516129
2005 2 1 381.7857142857143
2005 3 1 299.6774193548387
2005 4 1 282.6666666666667
2005 5 1 568.0645161290323
2005 6 1 501.3333333333333
2005 7 1 500.0
2005 8 1 385.16129032258067
2005 9 1 427.3333333333333
2005 10 1 37.41935483870968
2005 11 1 284.3333333333333
2005 12 1 339.6774193548387
2006 1 1 107.74193548387096
2006 2 1 7.5
2006 3 1 56.12903225806452
2006 4 1 350.6666666666667
2006 5 1 134.83870967741936
2006 6 1 140.66666666666666
2006 7 1 153.25806451612902
2006 8 1 313.2258064516129
2006 9 1 138.0
2006 10 1 56.774193548387096
2006 11 1 377.6666666666667
2006 12 1 264.51612903225805
2007 1 1 269.6774193548387
2007 2 1 143.21428571428572
2007 3 1 29.677419354838708
2007 4 1 94.66666666666667
2007 5 1 149.67741935483872
2007 6 1 157.33333333333334
2007 7 1 138.06451612903226
2007 8 1 45.806451612903224
2007 9 1 11.0
2007 10 1 3.225806451612903
2007 11 1 3.6666666666666665
2007 12 1 97.09677419354838
2008 1 1 10.32258064516129
2008 2 1 6.206896551724138
2008 3 1 103.2258064516129
2008 4 1 20.666666666666668
2008 5 1 7.903225806451613
2008 6 1 6.666666666666667
2008 7 1 1.2903225806451613
2008 8 1 0.0
2008 9 1 2.3333333333333335
2008 10 1 11.290322580645162
2008 11 1 22.666666666666668
2008 12 1 2.903225806451613
2009 1 1 4.193548387096774
2009 2 1 2.5
2009 3 1 1.2903225806451613
2009 4 1 1.3333333333333333
2009 5 1 5.483870967741935
2009 6 1 12.666666666666666
2009 7 1 37.096774193548384
2009 8 1 0.3225806451612903
2009 9 1 22.333333333333332
2009 10 1 58.70967741935484
2009 11 1 10.333333333333334
2009 12 1 71.29032258064517
2010 1 1 159.67741935483872
2010 2 1 130.0
2010 3 1 158.58064516129033
2010 4 1 51.0
2010 5 1 39.516129032258064
2010 6 1 64.0
2010 7 1 134.19354838709677
2010 8 1 167.09677419354838
2010 9 1 285.06666666666666
2010 10 1 289.35483870967744
2010 11 1 138.33333333333334
2010 12 1 220.0
2011 1 1 169.83870967741936
2011 2 1 288.92857142857144
2011 3 1 700.9677419354839
2011 4 1 473.0
2011 5 1 272.0967741935484
2011 6 1 224.66666666666666
2011 7 1 323.06451612903226
2011 8 1 437.9032258064516
2011 9 1 861.0
2011 10 1 897.5806451612904
2011 11 1 1097.5666666666666
2011 12 1 678.2258064516129
2012 1 1 714.8387096774194
2012 2 1 271.7241379310345
2012 3 1 572.9032258064516
2012 4 1 528.5
2012 5 1 747.9032258064516
2012 6 1 548.6
2012 7 1 915.8064516129032
2012 8 1 506.7741935483871
2012 9 1 504.6666666666667
2012 10 1 600.3225806451613
2012 11 1 589.6666666666666
2012 12 1 328.7096774193548
2013 1 1 711.9354838709677
2013 2 1 316.07142857142856
2013 3 1 453.8709677419355
2013 4 1 797.3333333333334
2013 5 1 797.9032258064516
2013 6 1 454.0
2013 7 1 477.741935483871
2013 8 1 432.258064516129
2013 9 1 214.7
2013 10 1 843.2258064516129
2013 11 1 1077.3333333333333
2013 12 1 801.6129032258065
2014 1 1 1094.032258064516
2014 2 1 1439.8214285714287
2014 3 1 714.1935483870968
2014 4 1 797.6666666666666
2014 5 1 665.8064516129032
2014 6 1 638.0
2014 7 1 864.516129032258
2014 8 1 559.3548387096774
2014 9 1 813.6666666666666
2014 10 1 1227.4193548387098
2014 11 1 916.3333333333334
2014 12 1 1001.9354838709677
2015 1 1 710.3225806451613
2015 2 1 355.7142857142857
2015 3 1 370.48387096774195
2015 4 1 492.3333333333333
2015 5 1 449.35483870967744
2015 6 1 604.6666666666666
2015 7 1 370.64516129032256
2015 8 1 501.0
2015 9 1 459.0
2015 10 1 318.38709677419354
2015 11 1 265.3333333333333
2015 12 1 406.7741935483871
2016 1 1 261.93548387096774
2016 2 1 272.7586206896552
2016 3 1 211.61290322580646
2016 4 1 404.6666666666667
2016 5 1 359.03225806451616
2016 6 1 157.66666666666666
2016 7 1 239.03225806451613
2016 8 1 201.93548387096774
2016 9 1 261.1666666666667
2016 10 1 208.38709677419354
2016 11 1 68.66666666666667
2016 12 1 70.0
2017 1 1 125.16129032258064
2017 2 1 73.57142857142857
2017 3 1 69.6774193548387
2017 4 1 249.0
2017 5 1 53.935483870967744
2017 6 1 99.0
2017 7 1 189.51612903225808
2017 8 1 247.41935483870967
2017 9 1 593.3333333333334
2017 10 1 119.35483870967742
2017 11 1 19.0
2017 12 1 22.258064516129032
2018 1 1 6.129032258064516
2018 2 1 78.21428571428571
2018 3 1 1.935483870967742
2018 4 1 20.0
2018 5 1 24.193548387096776
2018 6 1 45.0
2018 7 1 0.3225806451612903
2018 8 1 15.161290322580646
2018 9 1 1.3333333333333333
2018 10 1 5.483870967741935
2018 11 1 8.0
2018 12 1 3.225806451612903
2019 1 1 23.870967741935484
2019 2 1 0.0
2019 3 1 38.38709677419355
2019 4 1 133.33333333333334
2019 5 1 124.19354838709677
2019 6 1 1.3333333333333333
2019 7 1 0.6451612903225806
2019 8 1 0.3225806451612903
2019 9 1 1.0
2019 10 1 0.0
2019 11 1 0.6666666666666666
2019 12 1 1.6129032258064515
2020 1 1 15.806451612903226
2020 2 1 1.0344827586206897
2020 3 1 0.967741935483871
2020 4 1 5.333333333333333
2020 5 1 1.2903225806451613
2020 6 1 30.666666666666668
2020 7 1 31.774193548387096
2020 8 1 25.806451612903224
2020 9 1 0.6666666666666666
2020 10 1 65.48387096774194
2020 11 1 318.8333333333333
2020 12 1 231.61290322580646
2021 1 1 45.483870967741936
2021 2 1 32.67857142857143
2021 3 1 37.41935483870968
2021 4 1 79.16666666666667
2021 5 1 149.3548387096774
