17897.0
17928.0
17956.0
17987.0
18017.0
18048.0
18078.0
18109.0
18140.0
18170.0
18201.0
18231.0
18262.0
18293.0
18321.0
18352.0
18382.0
18413.0
18443.0
18474.0
18505.0
18535.0
18566.0
18596.0
18627.0
18658.0
18686.0
18717.0
18747.0
18778.0
18808.0
18839.0
18870.0
18900.0
18931.0
18961.0
18992.0
19023.0
19052.0
19083.0
19113.0
19144.0
19174.0
19205.0
19236.0
19266.0
19297.0
19327.0
19358.0
19389.0
19417.0
19448.0
19478.0
19509.0
19539.0
19570.0
19601.0
19631.0
19662.0
19692.0
19723.0
19754.0
19782.0
19813.0
19843.0
19874.0
19904.0
19935.0
19966.0
19996.0
20027.0
20057.0
20088.0
20119.0
20147.0
20178.0
20208.0
20239.0
20269.0
20300.0
20331.0
20361.0
20392.0
20422.0
20453.0
20484.0
20513.0
20544.0
20574.0
20605.0
20635.0
20666.0
20697.0
20727.0
20758.0
20788.0
20819.0
20850.0
20878.0
20909.0
20939.0
20970.0
21000.0
21031.0
21062.0
21092.0
21123.0
21153.0
21184.0
21215.0
21243.0
21274.0
21304.0
21335.0
21365.0
21396.0
21427.0
21457.0
21488.0
21518.0
21549.0
21580.0
21608.0
21639.0
21669.0
21700.0
21730.0
21761.0
21792.0
21822.0
21853.0
21883.0
21914.0
21945.0
21974.0
22005.0
22035.0
22066.0
22096.0
22127.0
22158.0
22188.0
22219.0
22249.0
22280.0
22311.0
22339.0
22370.0
22400.0
22431.0
22461.0
22492.0
22523.0
22553.0
22584.0
22614.0
22645.0
22676.0
22704.0
22735.0
22765.0
22796.0
22826.0
22857.0
22888.0
22918.0
22949.0
22979.0
23010.0
23041.0
23069.0
23100.0
23130.0
23161.0
23191.0
23222.0
23253.0
23283.0
23314.0
23344.0
23375.0
23406.0
23435.0
23466.0
23496.0
23527.0
23557.0
23588.0
23619.0
23649.0
23680.0
23710.0
23741.0
23772.0
23800.0
23831.0
23861.0
23892.0
23922.0
23953.0
23984.0
24014.0
24045.0
24075.0
24106.0
24137.0
24165.0
24196.0
24226.0
24257.0
24287.0
24318.0
24349.0
24379.0
24410.0
24440.0
24471.0
24502.0
24530.0
24561.0
24591.0
24622.0
24652.0
24683.0
24714.0
24744.0
24775.0
24805.0
24836.0
24867.0
24896.0
24927.0
24957.0
24988.0
25018.0
25049.0
25080.0
25110.0
25141.0
25171.0
25202.0
25233.0
25261.0
25292.0
25322.0
25353.0
25383.0
25414.0
25445.0
25475.0
25506.0
25536.0
25567.0
25598.0
25626.0
25657.0
25687.0
25718.0
25748.0
25779.0
25810.0
25840.0
25871.0
25901.0
25932.0
25963.0
25991.0
26022.0
26052.0
26083.0
26113.0
26144.0
26175.0
26205.0
26236.0
26266.0
26297.0
26328.0
26357.0
26388.0
26418.0
26449.0
26479.0
26510.0
26541.0
26571.0
26602.0
26632.0
26663.0
26694.0
26722.0
26753.0
26783.0
26814.0
26844.0
26875.0
26906.0
26936.0
26967.0
26997.0
27028.0
27059.0
27087.0
27118.0
27148.0
27179.0
27209.0
27240.0
27271.0
27301.0
27332.0
27362.0
27393.0
27424.0
27452.0
27483.0
27513.0
27544.0
27574.0
27605.0
27636.0
27666.0
27697.0
27727.0
27758.0
27789.0
27818.0
27849.0
27879.0
27910.0
27940.0
27971.0
28002.0
28032.0
28063.0
28093.0
28124.0
28155.0
28183.0
28214.0
28244.0
28275.0
28305.0
28336.0
28367.0
28397.0
28428.0
28458.0
28489.0
28520.0
28548.0
28579.0
28609.0
28640.0
28670.0
28701.0
28732.0
28762.0
28793.0
28823.0
28854.0
28885.0
28913.0
28944.0
28974.0
29005.0
29035.0
29066.0
29097.0
29127.0
29158.0
29188.0
29219.0
29250.0
29279.0
29310.0
29340.0
29371.0
29401.0
29432.0
29463.0
29493.0
29524.0
29554.0
29585.0
29616.0
29644.0
29675.0
29705.0
29736.0
29766.0
29797.0
29828.0
29858.0
29889.0
29919.0
29950.0
29981.0
30009.0
30040.0
30070.0
30101.0
30131.0
30162.0
30193.0
30223.0
30254.0
30284.0
30315.0
30346.0
30374.0
30405.0
30435.0
30466.0
30496.0
30527.0
30558.0
30588.0
30619.0
30649.0
30680.0
30711.0
30740.0
30771.0
30801.0
30832.0
30862.0
30893.0
30924.0
30954.0
30985.0
31015.0
31046.0
31077.0
31105.0
31136.0
31166.0
31197.0
31227.0
31258.0
31289.0
31319.0
31350.0
31380.0
31411.0
31442.0
31470.0
31501.0
31531.0
31562.0
31592.0
31623.0
31654.0
31684.0
31715.0
31745.0
31776.0
31807.0
31835.0
31866.0
31896.0
31927.0
31957.0
31988.0
32019.0
32049.0
32080.0
32110.0
32141.0
32172.0
32201.0
32232.0
32262.0
32293.0
32323.0
32354.0
32385.0
32415.0
32446.0
32476.0
32507.0
32538.0
32566.0
32597.0
32627.0
32658.0
32688.0
32719.0
32750.0
32780.0
32811.0
32841.0
32872.0
32903.0
32931.0
32962.0
32992.0
33023.0
33053.0
33084.0
33115.0
33145.0
33176.0
33206.0
33237.0
33268.0
33296.0
33327.0
33357.0
33388.0
33418.0
33449.0
33480.0
33510.0
33541.0
33571.0
33602.0
33633.0
33662.0
33693.0
33723.0
33754.0
33784.0
33815.0
33846.0
33876.0
33907.0
33937.0
33968.0
33999.0
34027.0
34058.0
34088.0
34119.0
34149.0
34180.0
34211.0
34241.0
34272.0
34302.0
34333.0
34364.0
34392.0
34423.0
34453.0
34484.0
34514.0
34545.0
34576.0
34606.0
34637.0
34667.0
34698.0
34729.0
34757.0
34788.0
34818.0
34849.0
34879.0
34910.0
34941.0
34971.0
35002.0
35032.0
35063.0
35094.0
35123.0
35154.0
35184.0
35215.0
35245.0
35276.0
35307.0
35337.0
35368.0
35398.0
35429.0
35460.0
35488.0
35519.0
35549.0
35580.0
35610.0
35641.0
35672.0
35702.0
35733.0
35763.0
35794.0
35825.0
35853.0
35884.0
35914.0
35945.0
35975.0
36006.0
36037.0
36067.0
36098.0
36128.0
36159.0
36190.0
36218.0
36249.0
36279.0
36310.0
36340.0
36371.0
36402.0
36432.0
36463.0
36493.0
36524.0
36555.0
36583.0
36614.0
36644.0
36675.0
36705.0
36736.0
36767.0
36797.0
36828.0
36858.0
36889.0
36920.0
36948.0
36979.0
37009.0
37040.0
37070.0
37101.0
37132.0
37162.0
37193.0
37223.0
37254.0
37285.0
37313.0
37344.0
37374.0
37405.0
37435.0
37466.0
37497.0
37527.0
37558.0
37588.0
37619.0
37650.0
37678.0
37709.0
37739.0
37770.0
37800.0
37831.0
37862.0
37892.0
37923.0
37953.0
37984.0
38015.0
38044.0
38075.0
38105.0
38136.0
38166.0
38197.0
38228.0
38258.0
38289.0
38319.0
38350.0
38381.0
38409.0
38440.0
38470.0
38501.0
38531.0
38562.0
38593.0
38623.0
38654.0
38684.0
38715.0
38746.0
38774.0
38805.0
38835.0
38866.0
38896.0
38927.0
38958.0
38988.0
39019.0
39049.0
39080.0
39111.0
39139.0
39170.0
39200.0
39231.0
39261.0
39292.0
39323.0
39353.0
39384.0
39414.0
39445.0
39476.0
39505.0
39536.0
39566.0
39597.0
39627.0
39658.0
39689.0
39719.0
39750.0
39780.0
39811.0
39842.0
39870.0
39901.0
39931.0
39962.0
39992.0
40023.0
40054.0
40084.0
40115.0
40145.0
40176.0
40207.0
40235.0
40266.0
40296.0
40327.0
40357.0
40388.0
40419.0
40449.0
40480.0
40510.0
40541.0
40572.0
40600.0
40631.0
40661.0
40692.0
40722.0
40753.0
40784.0
40814.0
40845.0
40875.0
40906.0
40937.0
40966.0
40997.0
41027.0
41058.0
41088.0
41119.0
41150.0
41180.0
41211.0
41241.0
41272.0
41303.0
41331.0
41362.0
41392.0
41423.0
41453.0
41484.0
41515.0
41545.0
41576.0
41606.0
41637.0
41668.0
41696.0
41727.0
41757.0
41788.0
41818.0
41849.0
41880.0
41910.0
41941.0
41971.0
42002.0
42033.0
42061.0
42092.0
42122.0
42153.0
42183.0
42214.0
42245.0
42275.0
42306.0
42336.0
42367.0
42398.0
42427.0
42458.0
42488.0
42519.0
42549.0
42580.0
42611.0
42641.0
42672.0
42702.0
42733.0
42764.0
42792.0
42823.0
42853.0
42884.0
42914.0
42945.0
42976.0
43006.0
43037.0
43067.0
43098.0
43129.0
43157.0
43188.0
43218.0
43249.0
43279.0
43310.0
43341.0
43371.0
43402.0
43432.0
43463.0
43494.0
43522.0
43553.0
43583.0
43614.0
43644.0
43675.0
43706.0
43736.0
43767.0
43797.0
43828.0
43859.0
43888.0
43919.0
43949.0
43980.0
44010.0
44041.0
44072.0
44102.0
44133.0
44163.0
44194.0
44225.0
44253.0
44284.0
44314.0
44345.0
44375.0
44406.0
44437.0
44467.0
44498.0
44528.0
44559.0
44590.0
44618.0
44649.0
44679.0
44710.0
44740.0
44771.0
44802.0
44832.0
44863.0
44893.0
44924.0
44955.0
44983.0
45014.0
45044.0
45075.0
45105.0
45136.0
45167.0
45197.0
45228.0
45258.0
45289.0
45320.0
45349.0
45380.0
45410.0
45441.0
45471.0
45502.0
45533.0
45563.0
45594.0
45624.0
45655.0
45686.0
45714.0
45745.0
45775.0
45806.0
45836.0
45867.0
45898.0
45928.0
45959.0
45989.0
46020.0
46051.0
46079.0
46110.0
46140.0
46171.0
46201.0
46232.0
46263.0
46293.0
46324.0
46354.0
46385.0
46416.0
46444.0
46475.0
46505.0
46536.0
46566.0
46597.0
46628.0
46658.0
46689.0
46719.0
46750.0
46781.0
46810.0
46841.0
46871.0
46902.0
46932.0
46963.0
46994.0
47024.0
47055.0
47085.0
47116.0
47147.0
47175.0
47206.0
47236.0
47267.0
47297.0
47328.0
47359.0
47389.0
47420.0
47450.0
47481.0
47512.0
47540.0
47571.0
47601.0
47632.0
47662.0
47693.0
47724.0
47754.0
47785.0
47815.0
47846.0
47877.0
47905.0
47936.0
47966.0
47997.0
48027.0
48058.0
48089.0
48119.0
48150.0
48180.0
48211.0
48242.0
48271.0
48302.0
48332.0
48363.0
48393.0
48424.0
48455.0
48485.0
48516.0
48546.0
48577.0
48608.0
48636.0
48667.0
48697.0
48728.0
48758.0
48789.0
48820.0
48850.0
48881.0
48911.0
48942.0
48973.0
49001.0
49032.0
49062.0
49093.0
49123.0
49154.0
49185.0
49215.0
49246.0
49276.0
49307.0
49338.0
49366.0
49397.0
49427.0
49458.0
49488.0
49519.0
49550.0
49580.0
49611.0
49641.0
49672.0
49703.0
49732.0
49763.0
49793.0
49824.0
49854.0
49885.0
49916.0
49946.0
49977.0
50007.0
50038.0
50069.0
50097.0
50128.0
50158.0
50189.0
50219.0
50250.0
50281.0
50311.0
50342.0
50372.0
50403.0
50434.0
50462.0
50493.0
50523.0
50554.0
50584.0
50615.0
50646.0
50676.0
50707.0
50737.0
50768.0
50799.0
50827.0
50858.0
50888.0
50919.0
50949.0
50980.0
51011.0
51041.0
51072.0
51102.0
51133.0
51164.0
51193.0
51224.0
51254.0
51285.0
51315.0
51346.0
51377.0
51407.0
51438.0
51468.0
51499.0
51530.0
51558.0
51589.0
51619.0
51650.0
51680.0
51711.0
51742.0
51772.0
51803.0
51833.0
51864.0
51895.0
51923.0
51954.0
51984.0
52015.0
52045.0
52076.0
52107.0
52137.0
52168.0
52198.0
52229.0
52260.0
52288.0
52319.0
52349.0
52380.0
52410.0
52441.0
52472.0
52502.0
52533.0
52563.0
52594.0
52625.0
52654.0
52685.0
52715.0
52746.0
52776.0
52807.0
52838.0
52868.0
52899.0
52929.0
52960.0
52991.0
53019.0
53050.0
53080.0
53111.0
53141.0
53172.0
53203.0
53233.0
53264.0
53294.0
53325.0
53356.0
53384.0
53415.0
53445.0
53476.0
53506.0
53537.0
53568.0
53598.0
53629.0
53659.0
53690.0
53721.0
53749.0
53780.0
53810.0
53841.0
53871.0
53902.0
53933.0
53963.0
53994.0
54024.0
54055.0
54086.0
54115.0
54146.0
54176.0
54207.0
54237.0
54268.0
54299.0
54329.0
54360.0
54390.0
54421.0
54452.0
54480.0
54511.0
54541.0
54572.0
54602.0
54633.0
54664.0
54694.0
54725.0
54755.0
54786.0
54817.0
54845.0
54876.0
54906.0
54937.0
54967.0
54998.0
55029.0
55059.0
55090.0
55120.0
55151.0
55182.0
55210.0
55241.0
55271.0
55302.0
55332.0
55363.0
55394.0
55424.0
55455.0
55485.0
55516.0
55547.0
55576.0
55607.0
55637.0
55668.0
55698.0
55729.0
55760.0
55790.0
55821.0
55851.0
55882.0
55913.0
55941.0
55972.0
56002.0
56033.0
56063.0
56094.0
56125.0
56155.0
56186.0
56216.0
56247.0
56278.0
56306.0
56337.0
56367.0
56398.0
56428.0
56459.0
56490.0
56520.0
56551.0
56581.0
56612.0
56643.0
56671.0
56702.0
56732.0
56763.0
56793.0
56824.0
56855.0
56885.0
56916.0
56946.0
56977.0
57008.0
57037.0
57068.0
57098.0
57129.0
57159.0
57190.0
57221.0
57251.0
57282.0
57312.0
57343.0
57374.0
57402.0
57433.0
57463.0
57494.0
57524.0
57555.0
57586.0
57616.0
57647.0
57677.0
57708.0
57739.0
57767.0
57798.0
57828.0
57859.0
57889.0
57920.0
57951.0
57981.0
58012.0
58042.0
58073.0
58104.0
58132.0
58163.0
58193.0
58224.0
58254.0
58285.0
58316.0
58346.0
58377.0
58407.0
58438.0
58469.0
58498.0
58529.0
58559.0
58590.0
58620.0
58651.0
58682.0
58712.0
58743.0
58773.0
58804.0
58835.0
58863.0
58894.0
58924.0
58955.0
58985.0
59016.0
59047.0
59077.0
59108.0
59138.0
59169.0
59200.0
59228.0
59259.0
59289.0
59320.0
59350.0
59381.0
59412.0
59442.0
59473.0
59503.0
59534.0
59565.0
59593.0
59624.0
59654.0
59685.0
59715.0
59746.0
59777.0
59807.0
59838.0
59868.0
59899.0
59930.0
59959.0
59990.0
60020.0
60051.0
60081.0
60112.0
60143.0
60173.0
60204.0
60234.0
60265.0
60296.0
60324.0
60355.0
60385.0
60416.0
60446.0
60477.0
60508.0
60538.0
60569.0
60599.0
60630.0
60661.0
60689.0
60720.0
60750.0
60781.0
60811.0
60842.0
60873.0
60903.0
60934.0
60964.0
60995.0
61026.0
61054.0
61085.0
61115.0
61146.0
61176.0
61207.0
61238.0
61268.0
61299.0
61329.0
61360.0
61391.0
61420.0
61451.0
61481.0
61512.0
61542.0
61573.0
61604.0
61634.0
61665.0
61695.0
61726.0
61757.0
61785.0
61816.0
61846.0
61877.0
61907.0
61938.0
61969.0
61999.0
62030.0
62060.0
62091.0
62122.0
62150.0
62181.0
62211.0
62242.0
62272.0
62303.0
62334.0
62364.0
62395.0
62425.0
62456.0
62487.0
62515.0
62546.0
62576.0
62607.0
62637.0
62668.0
62699.0
62729.0
62760.0
62790.0
62821.0
62852.0
62881.0
62912.0
62942.0
62973.0
63003.0
63034.0
63065.0
63095.0
63126.0
63156.0
63187.0
63218.0
63246.0
63277.0
63307.0
63338.0
63368.0
63399.0
63430.0
63460.0
63491.0
63521.0
63552.0
63583.0
63611.0
63642.0
63672.0
63703.0
63733.0
63764.0
63795.0
63825.0
63856.0
63886.0
63917.0
63948.0
63976.0
64007.0
64037.0
64068.0
64098.0
64129.0
64160.0
64190.0
64221.0
64251.0
64282.0
64313.0
64342.0
64373.0
64403.0
64434.0
64464.0
64495.0
64526.0
64556.0
64587.0
64617.0
64648.0
64679.0
64707.0
64738.0
64768.0
64799.0
64829.0
64860.0
64891.0
64921.0
64952.0
64982.0
65013.0
65044.0
65072.0
65103.0
65133.0
65164.0
65194.0
65225.0
65256.0
65286.0
65317.0
65347.0
65378.0
65409.0
65437.0
65468.0
65498.0
65529.0
65559.0
65590.0
65621.0
65651.0
65682.0
65712.0
65743.0
65774.0
65803.0
65834.0
65864.0
65895.0
65925.0
65956.0
65987.0
66017.0
66048.0
66078.0
66109.0
66140.0
66168.0
66199.0
66229.0
66260.0
66290.0
66321.0
66352.0
66382.0
66413.0
66443.0
66474.0
66505.0
66533.0
66564.0
66594.0
66625.0
66655.0
66686.0
66717.0
66747.0
66778.0
66808.0
66839.0
66870.0
66898.0
66929.0
66959.0
66990.0
67020.0
67051.0
67082.0
67112.0
67143.0
67173.0
67204.0
67235.0
67264.0
67295.0
67325.0
67356.0
67386.0
67417.0
67448.0
67478.0
67509.0
67539.0
67570.0
67601.0
67629.0
67660.0
67690.0
67721.0
67751.0
67782.0
67813.0
67843.0
67874.0
67904.0
67935.0
67966.0
67994.0
68025.0
68055.0
68086.0
68116.0
68147.0
68178.0
68208.0
68239.0
68269.0
68300.0
68331.0
68359.0
68390.0
68420.0
68451.0
68481.0
68512.0
68543.0
68573.0
68604.0
68634.0
68665.0
68696.0
68725.0
68756.0
68786.0
68817.0
68847.0
68878.0
68909.0
68939.0
68970.0
69000.0
69031.0
69062.0
69090.0
69121.0
69151.0
69182.0
69212.0
69243.0
69274.0
69304.0
69335.0
69365.0
69396.0
69427.0
69455.0
69486.0
69516.0
69547.0
69577.0
69608.0
69639.0
69669.0
69700.0
69730.0
69761.0
69792.0
69820.0
69851.0
69881.0
69912.0
69942.0
69973.0
70004.0
70034.0
70065.0
70095.0
70126.0
70157.0
70186.0
70217.0
70247.0
70278.0
70308.0
70339.0
70370.0
70400.0
70431.0
70461.0
70492.0
70523.0
70551.0
70582.0
70612.0
70643.0
70673.0
70704.0
70735.0
70765.0
70796.0
70826.0
70857.0
70888.0
70916.0
70947.0
70977.0
71008.0
71038.0
71069.0
71100.0
71130.0
71161.0
71191.0
71222.0
71253.0
71281.0
71312.0
71342.0
71373.0
71403.0
71434.0
71465.0
71495.0
71526.0
71556.0
71587.0
71618.0
71647.0
71678.0
71708.0
71739.0
71769.0
71800.0
71831.0
71861.0
71892.0
71922.0
71953.0
71984.0
72012.0
72043.0
72073.0
72104.0
72134.0
72165.0
72196.0
72226.0
72257.0
72287.0
72318.0
72349.0
72377.0
72408.0
72438.0
72469.0
72499.0
72530.0
72561.0
72591.0
72622.0
72652.0
72683.0
72714.0
72742.0
72773.0
72803.0
72834.0
72864.0
72895.0
72926.0
72956.0
72987.0
73017.0
73048.0
73079.0
73107.0
73138.0
73168.0
73199.0
73229.0
73260.0
73291.0
73321.0
73352.0
73382.0
73413.0
73444.0
73472.0
73503.0
73533.0
73564.0
73594.0
73625.0
73656.0
73686.0
73717.0
73747.0
73778.0
73809.0
73837.0
73868.0
73898.0
73929.0
73959.0
73990.0
74021.0
74051.0
74082.0
74112.0
74143.0
74174.0
74202.0
74233.0
74263.0
74294.0
74324.0
74355.0
74386.0
74416.0
74447.0
74477.0
74508.0
74539.0
74568.0
74599.0
74629.0
74660.0
74690.0
74721.0
74752.0
74782.0
74813.0
74843.0
74874.0
74905.0
74933.0
74964.0
74994.0
75025.0
75055.0
75086.0
75117.0
75147.0
75178.0
75208.0
75239.0
75270.0
75298.0
75329.0
75359.0
75390.0
75420.0
75451.0
75482.0
75512.0
75543.0
75573.0
75604.0
75635.0
75663.0
75694.0
75724.0
75755.0
75785.0
75816.0
75847.0
75877.0
75908.0
75938.0
75969.0
76000.0
76029.0
76060.0
76090.0
76121.0
76151.0
76182.0
76213.0
76243.0
76274.0
76304.0
76335.0
76366.0
76394.0
76425.0
76455.0
76486.0
76516.0
76547.0
76578.0
76608.0
76639.0
76669.0
76700.0
76731.0
76759.0
76790.0
76820.0
76851.0
76881.0
76912.0
76943.0
76973.0
77004.0
77034.0
77065.0
77096.0
77124.0
77155.0
77185.0
77216.0
77246.0
77277.0
77308.0
77338.0
77369.0
77399.0
77430.0
77461.0
77490.0
77521.0
77551.0
77582.0
77612.0
77643.0
77674.0
77704.0
77735.0
77765.0
77796.0
77827.0
77855.0
77886.0
77916.0
77947.0
77977.0
78008.0
78039.0
78069.0
78100.0
78130.0
78161.0
78192.0
78220.0
78251.0
78281.0
78312.0
78342.0
78373.0
78404.0
78434.0
78465.0
78495.0
78526.0
78557.0
78585.0
78616.0
78646.0
78677.0
78707.0
78738.0
78769.0
78799.0
78830.0
78860.0
78891.0
78922.0
78951.0
78982.0
79012.0
79043.0
79073.0
79104.0
79135.0
79165.0
79196.0
79226.0
79257.0
79288.0
79316.0
79347.0
79377.0
79408.0
79438.0
79469.0
79500.0
79530.0
79561.0
79591.0
79622.0
79653.0
79681.0
79712.0
79742.0
79773.0
79803.0
79834.0
79865.0
79895.0
79926.0
79956.0
79987.0
80018.0
80046.0
80077.0
80107.0
80138.0
80168.0
80199.0
80230.0
80260.0
80291.0
80321.0
80352.0
80383.0
80412.0
80443.0
80473.0
80504.0
80534.0
80565.0
80596.0
80626.0
80657.0
80687.0
80718.0
80749.0
80777.0
80808.0
80838.0
80869.0
80899.0
80930.0
80961.0
80991.0
81022.0
81052.0
81083.0
81114.0
81142.0
81173.0
81203.0
81234.0
81264.0
81295.0
81326.0
81356.0
81387.0
81417.0
81448.0
81479.0
81507.0
81538.0
81568.0
81599.0
81629.0
81660.0
81691.0
81721.0
81752.0
81782.0
81813.0
81844.0
81873.0
81904.0
81934.0
81965.0
81995.0
82026.0
82057.0
82087.0
82118.0
82148.0
82179.0
82210.0
82238.0
82269.0
82299.0
82330.0
82360.0
82391.0
82422.0
82452.0
82483.0
82513.0
82544.0
82575.0
82603.0
82634.0
82664.0
82695.0
82725.0
82756.0
82787.0
82817.0
82848.0
82878.0
82909.0
82940.0
82968.0
82999.0
83029.0
83060.0
83090.0
83121.0
83152.0
83182.0
83213.0
83243.0
83274.0
83305.0
83334.0
83365.0
83395.0
83426.0
83456.0
83487.0
83518.0
83548.0
83579.0
83609.0
83640.0
83671.0
83699.0
83730.0
83760.0
83791.0
83821.0
83852.0
83883.0
83913.0
83944.0
83974.0
84005.0
84036.0
84064.0
84095.0
84125.0
84156.0
84186.0
84217.0
84248.0
84278.0
84309.0
84339.0
84370.0
84401.0
84429.0
84460.0
84490.0
84521.0
84551.0
84582.0
84613.0
84643.0
84674.0
84704.0
84735.0
84766.0
84795.0
84826.0
84856.0
84887.0
84917.0
84948.0
84979.0
85009.0
85040.0
85070.0
85101.0
85132.0
85160.0
85191.0
85221.0
85252.0
85282.0
85313.0
85344.0
85374.0
85405.0
85435.0
85466.0
85497.0
85525.0
85556.0
85586.0
85617.0
85647.0
85678.0
85709.0
85739.0
85770.0
85800.0
85831.0
85862.0
85890.0
85921.0
85951.0
85982.0
86012.0
86043.0
86074.0
86104.0
86135.0
86165.0
86196.0
86227.0
86256.0
86287.0
86317.0
86348.0
86378.0
86409.0
86440.0
86470.0
86501.0
86531.0
86562.0
86593.0
86621.0
86652.0
86682.0
86713.0
86743.0
86774.0
86805.0
86835.0
86866.0
86896.0
86927.0
86958.0
86986.0
87017.0
87047.0
87078.0
87108.0
87139.0
87170.0
87200.0
87231.0
87261.0
87292.0
87323.0
87351.0
87382.0
87412.0
87443.0
87473.0
87504.0
87535.0
87565.0
87596.0
87626.0
87657.0
87688.0
87717.0
87748.0
87778.0
87809.0
87839.0
87870.0
87901.0
87931.0
87962.0
87992.0
88023.0
88054.0
88082.0
88113.0
88143.0
88174.0
88204.0
88235.0
88266.0
88296.0
88327.0
88357.0
88388.0
88419.0
88447.0
88478.0
88508.0
88539.0
88569.0
88600.0
88631.0
88661.0
88692.0
88722.0
88753.0
88784.0
88812.0
88843.0
88873.0
88904.0
88934.0
88965.0
88996.0
89026.0
89057.0
89087.0
89118.0
89149.0
89178.0
89209.0
89239.0
89270.0
89300.0
89331.0
89362.0
89392.0
89423.0
89453.0
89484.0
89515.0
89543.0
89574.0
89604.0
89635.0
89665.0
89696.0
89727.0
89757.0
89788.0
89818.0
89849.0
89880.0
89908.0
89939.0
89969.0
90000.0
90030.0
90061.0
90092.0
90122.0
90153.0
90183.0
90214.0
90245.0
90273.0
90304.0
90334.0
90365.0
90395.0
90426.0
90457.0
90487.0
90518.0
90548.0
90579.0
90610.0
90639.0
90670.0
90700.0
90731.0
90761.0
90792.0
90823.0
90853.0
90884.0
90914.0
90945.0
90976.0
91004.0
91035.0
91065.0
91096.0
91126.0
91157.0
91188.0
91218.0
91249.0
91279.0
91310.0
91341.0
91369.0
91400.0
91430.0
91461.0
91491.0
91522.0
91553.0
91583.0
91614.0
91644.0
91675.0
91706.0
91734.0
91765.0
91795.0
91826.0
91856.0
91887.0
91918.0
91948.0
91979.0
92009.0
92040.0
92071.0
92100.0
92131.0
92161.0
92192.0
92222.0
92253.0
92284.0
92314.0
92345.0
92375.0
92406.0
92437.0
92465.0
92496.0
92526.0
92557.0
92587.0
92618.0
92649.0
92679.0
92710.0
92740.0
92771.0
92802.0
92830.0
92861.0
92891.0
92922.0
92952.0
92983.0
93014.0
93044.0
93075.0
93105.0
93136.0
93167.0
93195.0
93226.0
93256.0
93287.0
93317.0
93348.0
93379.0
93409.0
93440.0
93470.0
93501.0
93532.0
93561.0
93592.0
93622.0
93653.0
93683.0
93714.0
93745.0
93775.0
93806.0
93836.0
93867.0
93898.0
93926.0
93957.0
93987.0
94018.0
94048.0
94079.0
94110.0
94140.0
94171.0
94201.0
94232.0
94263.0
94291.0
94322.0
94352.0
94383.0
94413.0
94444.0
94475.0
94505.0
94536.0
94566.0
94597.0
94628.0
94656.0
94687.0
94717.0
94748.0
94778.0
94809.0
94840.0
94870.0
94901.0
94931.0
94962.0
94993.0
95022.0
95053.0
95083.0
95114.0
95144.0
95175.0
95206.0
95236.0
95267.0
95297.0
95328.0
95359.0
95387.0
95418.0
95448.0
95479.0
95509.0
95540.0
95571.0
95601.0
95632.0
95662.0
95693.0
95724.0
95752.0
95783.0
95813.0
95844.0
95874.0
95905.0
95936.0
95966.0
95997.0
96027.0
96058.0
96089.0
96117.0
96148.0
96178.0
96209.0
96239.0
96270.0
96301.0
96331.0
96362.0
96392.0
96423.0
96454.0
96483.0
96514.0
96544.0
96575.0
96605.0
96636.0
96667.0
96697.0
96728.0
96758.0
96789.0
96820.0
96848.0
96879.0
96909.0
96940.0
96970.0
97001.0
97032.0
97062.0
97093.0
97123.0
97154.0
97185.0
97213.0
97244.0
97274.0
97305.0
97335.0
97366.0
97397.0
97427.0
97458.0
97488.0
97519.0
97550.0
97578.0
97609.0
97639.0
97670.0
97700.0
97731.0
97762.0
97792.0
97823.0
97853.0
97884.0
97915.0
97944.0
97975.0
98005.0
98036.0
98066.0
98097.0
98128.0
98158.0
98189.0
98219.0
98250.0
98281.0
98309.0
98340.0
98370.0
98401.0
98431.0
98462.0
98493.0
98523.0
98554.0
98584.0
98615.0
98646.0
98674.0
98705.0
98735.0
98766.0
98796.0
98827.0
98858.0
98888.0
98919.0
98949.0
98980.0
99011.0
99039.0
99070.0
99100.0
99131.0
99161.0
99192.0
99223.0
99253.0
99284.0
99314.0
99345.0
99376.0
99405.0
99436.0
99466.0
99497.0
99527.0
99558.0
99589.0
99619.0
99650.0
99680.0
99711.0
99742.0
99770.0
99801.0
99831.0
99862.0
99892.0
99923.0
99954.0
99984.0
100015.0
100045.0
100076.0
100107.0
100135.0
100166.0
100196.0
100227.0
100257.0
100288.0
100319.0
100349.0
100380.0
100410.0
100441.0
100472.0
100500.0
100531.0
100561.0
100592.0
100622.0
100653.0
100684.0
100714.0
100745.0
100775.0
100806.0
100837.0
100866.0
100897.0
100927.0
100958.0
100988.0
101019.0
101050.0
101080.0
101111.0
101141.0
101172.0
101203.0
101231.0
101262.0
101292.0
101323.0
101353.0
101384.0
101415.0
101445.0
101476.0
101506.0
101537.0
101568.0
101596.0
101627.0
101657.0
101688.0
101718.0
101749.0
101780.0
101810.0
101841.0
101871.0
101902.0
101933.0
101961.0
101992.0
102022.0
102053.0
102083.0
102114.0
102145.0
102175.0
102206.0
102236.0
102267.0
102298.0
102327.0
102358.0
102388.0
102419.0
102449.0
102480.0
102511.0
102541.0
102572.0
102602.0
102633.0
102664.0
102692.0
102723.0
102753.0
102784.0
102814.0
102845.0
102876.0
102906.0
102937.0
102967.0
102998.0
103029.0
103057.0
103088.0
103118.0
103149.0
103179.0
103210.0
103241.0
103271.0
103302.0
103332.0
103363.0
103394.0
103422.0
103453.0
103483.0
103514.0
103544.0
103575.0
103606.0
103636.0
103667.0
103697.0
103728.0
103759.0
103788.0
103819.0
103849.0
103880.0
103910.0
103941.0
103972.0
104002.0
104033.0
104063.0
104094.0
104125.0
104153.0
104184.0
104214.0
104245.0
104275.0
104306.0
104337.0
104367.0
104398.0
104428.0
104459.0
104490.0
104518.0
104549.0
104579.0
104610.0
104640.0
104671.0
104702.0
104732.0
104763.0
104793.0
104824.0
104855.0
104883.0
104914.0
104944.0
104975.0
105005.0
105036.0
105067.0
105097.0
105128.0
105158.0
105189.0
105220.0
105249.0
105280.0
105310.0
105341.0
105371.0
105402.0
105433.0
105463.0
105494.0
105524.0
105555.0
105586.0
105614.0
105645.0
105675.0
105706.0
105736.0
105767.0
105798.0
105828.0
105859.0
105889.0
105920.0
105951.0
105979.0
106010.0
106040.0
106071.0
106101.0
106132.0
106163.0
106193.0
106224.0
106254.0
106285.0
106316.0
106344.0
106375.0
106405.0
106436.0
106466.0
106497.0
106528.0
106558.0
106589.0
106619.0
106650.0
106681.0
106710.0
106741.0
106771.0
106802.0
106832.0
106863.0
106894.0
106924.0
106955.0
106985.0
107016.0
107047.0
107075.0
107106.0
107136.0
107167.0
107197.0
107228.0
107259.0
107289.0
107320.0
107350.0
107381.0
107412.0
107440.0
107471.0
107501.0
107532.0
107562.0
107593.0
107624.0
107654.0
107685.0
107715.0
107746.0
107777.0
107805.0
107836.0
107866.0
107897.0
107927.0
107958.0
107989.0
108019.0
108050.0
108080.0
108111.0
108142.0
108171.0
108202.0
108232.0
108263.0
108293.0
108324.0
108355.0
108385.0
108416.0
108446.0
108477.0
108508.0
108536.0
108567.0
108597.0
108628.0
108658.0
108689.0
108720.0
108750.0
108781.0
108811.0
108842.0
108873.0
108901.0
108932.0
108962.0
108993.0
109023.0
109054.0
109085.0
109115.0
109146.0
109176.0
109207.0
109238.0
109266.0
109297.0
109327.0
109358.0
109388.0
109419.0
109450.0
109480.0
109511.0
109541.0
109572.0
109603.0
109632.0
109663.0
109693.0
109724.0
109754.0
109785.0
109816.0
109846.0
109877.0
109907.0
109938.0
109969.0
109997.0
110028.0
110058.0
110089.0
110119.0
110150.0
110181.0
110211.0
110242.0
110272.0
110303.0
110334.0
110362.0
110393.0
110423.0
110454.0
110484.0
110515.0
110546.0
110576.0
110607.0
110637.0
110668.0
110699.0
110727.0
110758.0
110788.0
110819.0
110849.0
110880.0
110911.0
110941.0
110972.0
111002.0
111033.0
111064.0
111093.0
111124.0
111154.0
111185.0
111215.0
111246.0
111277.0
111307.0
111338.0
111368.0
111399.0
111430.0
111458.0
111489.0
111519.0
111550.0
111580.0
111611.0
111642.0
111672.0
111703.0
111733.0
111764.0
111795.0
111823.0
111854.0
111884.0
111915.0
111945.0
111976.0
112007.0
112037.0
112068.0
112098.0
112129.0
112160.0
112188.0
112219.0
112249.0
112280.0
112310.0
112341.0
112372.0
112402.0
112433.0
112463.0
112494.0
112525.0
112554.0
112585.0
112615.0
112646.0
112676.0
112707.0
112738.0
112768.0
112799.0
112829.0
112860.0
112891.0
112919.0
112950.0
112980.0
113011.0
113041.0
113072.0
113103.0
113133.0
113164.0
113194.0
113225.0
113256.0
113284.0
113315.0
113345.0
113376.0
113406.0
113437.0
113468.0
113498.0
113529.0
113559.0
113590.0
113621.0
113649.0
113680.0
113710.0
113741.0
113771.0
113802.0
113833.0
113863.0
113894.0
113924.0
113955.0
113986.0
114015.0
114046.0
114076.0
114107.0
114137.0
114168.0
114199.0
114229.0
114260.0
114290.0
114321.0
114352.0
114380.0
114411.0
114441.0
114472.0
114502.0
114533.0
114564.0
114594.0
114625.0
114655.0
114686.0
114717.0
114745.0
114776.0
114806.0
114837.0
114867.0
114898.0
114929.0
114959.0
114990.0
115020.0
115051.0
115082.0
115110.0
115141.0
115171.0
115202.0
115232.0
115263.0
115294.0
115324.0
115355.0
115385.0
115416.0
115447.0
115476.0
115507.0
115537.0
115568.0
115598.0
115629.0
115660.0
115690.0
115721.0
115751.0
115782.0
115813.0
115841.0
115872.0
115902.0
115933.0
115963.0
115994.0
116025.0
116055.0
116086.0
116116.0
116147.0
116178.0
116206.0
116237.0
116267.0
116298.0
116328.0
116359.0
116390.0
116420.0
116451.0
116481.0
116512.0
116543.0
116571.0
116602.0
116632.0
116663.0
116693.0
116724.0
116755.0
116785.0
116816.0
116846.0
116877.0
116908.0
116937.0
116968.0
116998.0
117029.0
117059.0
117090.0
117121.0
117151.0
117182.0
117212.0
117243.0
117274.0
117302.0
117333.0
117363.0
