3288.0
3319.0
3347.0
3378.0
3408.0
3439.0
3469.0
3500.0
3531.0
3561.0
3592.0
3622.0
3653.0
3684.0
3712.0
3743.0
3773.0
3804.0
3834.0
3865.0
3896.0
3926.0
3957.0
3987.0
4018.0
4049.0
4077.0
4108.0
4138.0
4169.0
4199.0
4230.0
4261.0
4291.0
4322.0
4352.0
4383.0
4414.0
4443.0
4474.0
4504.0
4535.0
4565.0
4596.0
4627.0
4657.0
4688.0
4718.0
4749.0
4780.0
4808.0
4839.0
4869.0
4900.0
4930.0
4961.0
4992.0
5022.0
5053.0
5083.0
5114.0
5145.0
5173.0
5204.0
5234.0
5265.0
5295.0
5326.0
5357.0
5387.0
5418.0
5448.0
5479.0
5510.0
5538.0
5569.0
5599.0
5630.0
5660.0
5691.0
5722.0
5752.0
5783.0
5813.0
5844.0
5875.0
5904.0
5935.0
5965.0
5996.0
6026.0
6057.0
6088.0
6118.0
6149.0
6179.0
6210.0
6241.0
6269.0
6300.0
6330.0
6361.0
6391.0
6422.0
6453.0
6483.0
6514.0
6544.0
6575.0
6606.0
6634.0
6665.0
6695.0
6726.0
6756.0
6787.0
6818.0
6848.0
6879.0
6909.0
6940.0
6971.0
6999.0
7030.0
7060.0
7091.0
7121.0
7152.0
7183.0
7213.0
7244.0
7274.0
7305.0
7336.0
7365.0
7396.0
7426.0
7457.0
7487.0
7518.0
7549.0
7579.0
7610.0
7640.0
7671.0
7702.0
7730.0
7761.0
7791.0
7822.0
7852.0
7883.0
7914.0
7944.0
7975.0
8005.0
8036.0
8067.0
8095.0
8126.0
8156.0
8187.0
8217.0
8248.0
8279.0
8309.0
8340.0
8370.0
8401.0
8432.0
8460.0
8491.0
8521.0
8552.0
8582.0
8613.0
8644.0
8674.0
8705.0
8735.0
8766.0
8797.0
8826.0
8857.0
8887.0
8918.0
8948.0
8979.0
9010.0
9040.0
9071.0
9101.0
9132.0
9163.0
9191.0
9222.0
9252.0
9283.0
9313.0
9344.0
9375.0
9405.0
9436.0
9466.0
9497.0
9528.0
9556.0
9587.0
9617.0
9648.0
9678.0
9709.0
9740.0
9770.0
9801.0
9831.0
9862.0
9893.0
9921.0
9952.0
9982.0
10013.0
10043.0
10074.0
10105.0
10135.0
10166.0
10196.0
10227.0
10258.0
10287.0
10318.0
10348.0
10379.0
10409.0
10440.0
10471.0
10501.0
10532.0
10562.0
10593.0
10624.0
10652.0
10683.0
10713.0
10744.0
10774.0
10805.0
10836.0
10866.0
10897.0
10927.0
10958.0
10989.0
11017.0
11048.0
11078.0
11109.0
11139.0
11170.0
11201.0
11231.0
11262.0
11292.0
11323.0
11354.0
11382.0
11413.0
11443.0
11474.0
11504.0
11535.0
11566.0
11596.0
11627.0
11657.0
11688.0
11719.0
11748.0
11779.0
11809.0
11840.0
11870.0
11901.0
11932.0
11962.0
11993.0
12023.0
12054.0
12085.0
12113.0
12144.0
12174.0
12205.0
12235.0
12266.0
12297.0
12327.0
12358.0
12388.0
12419.0
12450.0
12478.0
12509.0
12539.0
12570.0
12600.0
12631.0
12662.0
12692.0
12723.0
12753.0
12784.0
12815.0
12843.0
12874.0
12904.0
12935.0
12965.0
12996.0
13027.0
13057.0
13088.0
13118.0
13149.0
13180.0
13209.0
13240.0
13270.0
13301.0
13331.0
13362.0
13393.0
13423.0
13454.0
13484.0
13515.0
13546.0
13574.0
13605.0
13635.0
13666.0
13696.0
13727.0
13758.0
13788.0
13819.0
13849.0
13880.0
13911.0
13939.0
13970.0
14000.0
14031.0
14061.0
14092.0
14123.0
14153.0
14184.0
14214.0
14245.0
14276.0
14304.0
14335.0
14365.0
14396.0
14426.0
14457.0
14488.0
14518.0
14549.0
14579.0
14610.0
14641.0
14670.0
14701.0
14731.0
14762.0
14792.0
14823.0
14854.0
14884.0
14915.0
14945.0
14976.0
15007.0
15035.0
15066.0
15096.0
15127.0
15157.0
15188.0
15219.0
15249.0
15280.0
15310.0
15341.0
15372.0
15400.0
15431.0
15461.0
15492.0
15522.0
15553.0
15584.0
15614.0
15645.0
15675.0
15706.0
15737.0
15765.0
15796.0
15826.0
15857.0
15887.0
15918.0
15949.0
15979.0
16010.0
16040.0
16071.0
16102.0
16131.0
16162.0
16192.0
16223.0
16253.0
16284.0
16315.0
16345.0
16376.0
16406.0
16437.0
16468.0
16496.0
16527.0
16557.0
16588.0
16618.0
16649.0
16680.0
16710.0
16741.0
16771.0
16802.0
16833.0
16861.0
16892.0
16922.0
16953.0
16983.0
17014.0
17045.0
17075.0
17106.0
17136.0
17167.0
17198.0
17226.0
17257.0
17287.0
17318.0
17348.0
17379.0
17410.0
17440.0
17471.0
17501.0
17532.0
17563.0
17592.0
17623.0
17653.0
17684.0
17714.0
17745.0
17776.0
17806.0
17837.0
17867.0
17898.0
17929.0
17957.0
17988.0
18018.0
18049.0
18079.0
18110.0
18141.0
18171.0
18202.0
18232.0
18263.0
18294.0
18322.0
18353.0
18383.0
18414.0
18444.0
18475.0
18506.0
18536.0
18567.0
18597.0
18628.0
18659.0
18687.0
18718.0
18748.0
18779.0
18809.0
18840.0
18871.0
18901.0
18932.0
18962.0
18993.0
19024.0
19053.0
19084.0
19114.0
19145.0
19175.0
19206.0
19237.0
19267.0
19298.0
19328.0
19359.0
19390.0
19418.0
19449.0
19479.0
19510.0
19540.0
19571.0
19602.0
19632.0
19663.0
19693.0
19724.0
19755.0
19783.0
19814.0
19844.0
19875.0
19905.0
19936.0
19967.0
19997.0
20028.0
20058.0
20089.0
20120.0
20148.0
20179.0
20209.0
20240.0
20270.0
20301.0
20332.0
20362.0
20393.0
20423.0
20454.0
20485.0
20514.0
20545.0
20575.0
20606.0
20636.0
20667.0
20698.0
20728.0
20759.0
20789.0
20820.0
20851.0
20879.0
20910.0
20940.0
20971.0
21001.0
21032.0
21063.0
21093.0
21124.0
21154.0
21185.0
21216.0
21244.0
21275.0
21305.0
21336.0
21366.0
21397.0
21428.0
21458.0
21489.0
21519.0
21550.0
21581.0
21609.0
21640.0
21670.0
21701.0
21731.0
21762.0
21793.0
21823.0
21854.0
21884.0
21915.0
21946.0
21974.0
22005.0
22035.0
22066.0
22096.0
22127.0
22158.0
22188.0
22219.0
22249.0
22280.0
22311.0
22339.0
22370.0
22400.0
22431.0
22461.0
22492.0
22523.0
22553.0
22584.0
22614.0
22645.0
22676.0
22704.0
22735.0
22765.0
22796.0
22826.0
22857.0
22888.0
22918.0
22949.0
22979.0
23010.0
23041.0
23069.0
23100.0
23130.0
23161.0
23191.0
23222.0
23253.0
23283.0
23314.0
23344.0
23375.0
23406.0
23435.0
23466.0
23496.0
23527.0
23557.0
23588.0
23619.0
23649.0
23680.0
23710.0
23741.0
23772.0
23800.0
23831.0
23861.0
23892.0
23922.0
23953.0
23984.0
24014.0
24045.0
24075.0
24106.0
24137.0
24165.0
24196.0
24226.0
24257.0
24287.0
24318.0
24349.0
24379.0
24410.0
24440.0
24471.0
24502.0
24530.0
24561.0
24591.0
24622.0
24652.0
24683.0
24714.0
24744.0
24775.0
24805.0
24836.0
24867.0
24896.0
24927.0
24957.0
24988.0
25018.0
25049.0
25080.0
25110.0
25141.0
25171.0
25202.0
25233.0
25261.0
25292.0
25322.0
25353.0
25383.0
25414.0
25445.0
25475.0
25506.0
25536.0
25567.0
25598.0
25626.0
25657.0
25687.0
25718.0
25748.0
25779.0
25810.0
25840.0
25871.0
25901.0
25932.0
25963.0
25991.0
26022.0
26052.0
26083.0
26113.0
26144.0
26175.0
26205.0
26236.0
26266.0
26297.0
26328.0
26357.0
26388.0
26418.0
26449.0
26479.0
26510.0
26541.0
26571.0
26602.0
26632.0
26663.0
26694.0
26722.0
26753.0
26783.0
26814.0
26844.0
26875.0
26906.0
26936.0
26967.0
26997.0
27028.0
27059.0
27087.0
27118.0
27148.0
27179.0
27209.0
27240.0
27271.0
27301.0
27332.0
27362.0
27393.0
27424.0
27452.0
27483.0
27513.0
27544.0
27574.0
27605.0
27636.0
27666.0
27697.0
27727.0
27758.0
27789.0
27818.0
27849.0
27879.0
27910.0
27940.0
27971.0
28002.0
28032.0
28063.0
28093.0
28124.0
28155.0
28183.0
28214.0
28244.0
28275.0
28305.0
28336.0
28367.0
28397.0
28428.0
28458.0
28489.0
28520.0
28548.0
28579.0
28609.0
28640.0
28670.0
28701.0
28732.0
28762.0
28793.0
28823.0
28854.0
28885.0
28913.0
28944.0
28974.0
29005.0
29035.0
29066.0
29097.0
29127.0
29158.0
29188.0
29219.0
29250.0
29279.0
29310.0
29340.0
29371.0
29401.0
29432.0
29463.0
29493.0
29524.0
29554.0
29585.0
29616.0
29644.0
29675.0
29705.0
29736.0
29766.0
29797.0
29828.0
29858.0
29889.0
29919.0
29950.0
29981.0
30009.0
30040.0
30070.0
30101.0
30131.0
30162.0
30193.0
30223.0
30254.0
30284.0
30315.0
30346.0
30374.0
30405.0
30435.0
30466.0
30496.0
30527.0
30558.0
30588.0
30619.0
30649.0
30680.0
30711.0
30740.0
30771.0
30801.0
30832.0
30862.0
30893.0
30924.0
30954.0
30985.0
31015.0
31046.0
31077.0
31105.0
31136.0
31166.0
31197.0
31227.0
31258.0
31289.0
31319.0
31350.0
31380.0
31411.0
31442.0
31470.0
31501.0
31531.0
31562.0
31592.0
31623.0
31654.0
31684.0
31715.0
31745.0
31776.0
31807.0
31835.0
31866.0
31896.0
31927.0
31957.0
31988.0
32019.0
32049.0
32080.0
32110.0
32141.0
32172.0
32201.0
32232.0
32262.0
32293.0
32323.0
32354.0
32385.0
32415.0
32446.0
32476.0
32507.0
32538.0
32566.0
32597.0
32627.0
32658.0
32688.0
32719.0
32750.0
32780.0
32811.0
32841.0
32872.0
32903.0
32931.0
32962.0
32992.0
33023.0
33053.0
33084.0
33115.0
33145.0
33176.0
33206.0
33237.0
33268.0
33296.0
33327.0
33357.0
33388.0
33418.0
33449.0
33480.0
33510.0
33541.0
33571.0
33602.0
33633.0
33662.0
33693.0
33723.0
33754.0
33784.0
33815.0
33846.0
33876.0
33907.0
33937.0
33968.0
33999.0
34027.0
34058.0
34088.0
34119.0
34149.0
34180.0
34211.0
34241.0
34272.0
34302.0
34333.0
34364.0
34392.0
34423.0
34453.0
34484.0
34514.0
34545.0
34576.0
34606.0
34637.0
34667.0
34698.0
34729.0
34757.0
34788.0
34818.0
34849.0
34879.0
34910.0
34941.0
34971.0
35002.0
35032.0
35063.0
35094.0
35123.0
35154.0
35184.0
35215.0
35245.0
35276.0
35307.0
35337.0
35368.0
35398.0
35429.0
35460.0
35488.0
35519.0
35549.0
35580.0
35610.0
35641.0
35672.0
35702.0
35733.0
35763.0
35794.0
35825.0
35853.0
35884.0
35914.0
35945.0
35975.0
36006.0
36037.0
36067.0
36098.0
36128.0
36159.0
36190.0
36218.0
36249.0
36279.0
36310.0
36340.0
36371.0
36402.0
36432.0
36463.0
36493.0
36524.0
36555.0
36584.0
36615.0
36645.0
36676.0
36706.0
36737.0
36768.0
36798.0
36829.0
36859.0
36890.0
36921.0
36949.0
36980.0
37010.0
37041.0
37071.0
37102.0
37133.0
37163.0
37194.0
37224.0
37255.0
37286.0
37314.0
37345.0
37375.0
37406.0
37436.0
37467.0
37498.0
37528.0
37559.0
37589.0
37620.0
37651.0
37679.0
37710.0
37740.0
37771.0
37801.0
37832.0
37863.0
37893.0
37924.0
37954.0
37985.0
38016.0
38045.0
38076.0
38106.0
38137.0
38167.0
38198.0
38229.0
38259.0
38290.0
38320.0
38351.0
38382.0
38410.0
38441.0
38471.0
38502.0
38532.0
38563.0
38594.0
38624.0
38655.0
38685.0
38716.0
38747.0
38775.0
38806.0
38836.0
38867.0
38897.0
38928.0
38959.0
38989.0
39020.0
39050.0
39081.0
39112.0
39140.0
39171.0
39201.0
39232.0
39262.0
39293.0
39324.0
39354.0
39385.0
39415.0
39446.0
39477.0
39506.0
39537.0
39567.0
39598.0
39628.0
39659.0
39690.0
39720.0
39751.0
39781.0
39812.0
39843.0
39871.0
39902.0
39932.0
39963.0
39993.0
40024.0
40055.0
40085.0
40116.0
40146.0
40177.0
40208.0
40236.0
40267.0
40297.0
40328.0
40358.0
40389.0
40420.0
40450.0
40481.0
40511.0
40542.0
40573.0
40601.0
40632.0
40662.0
40693.0
40723.0
40754.0
40785.0
40815.0
40846.0
40876.0
40907.0
40938.0
40967.0
40998.0
41028.0
41059.0
41089.0
41120.0
41151.0
41181.0
41212.0
41242.0
41273.0
41304.0
41332.0
41363.0
41393.0
41424.0
41454.0
41485.0
41516.0
41546.0
41577.0
41607.0
41638.0
41669.0
41697.0
41728.0
41758.0
41789.0
41819.0
41850.0
41881.0
41911.0
41942.0
41972.0
42003.0
42034.0
42062.0
42093.0
42123.0
42154.0
42184.0
42215.0
42246.0
42276.0
42307.0
42337.0
42368.0
42399.0
42428.0
42459.0
42489.0
42520.0
42550.0
42581.0
42612.0
42642.0
42673.0
42703.0
42734.0
42765.0
42793.0
42824.0
42854.0
42885.0
42915.0
42946.0
42977.0
43007.0
43038.0
43068.0
43099.0
43130.0
43158.0
43189.0
43219.0
43250.0
43280.0
43311.0
43342.0
43372.0
43403.0
43433.0
43464.0
43495.0
43523.0
43554.0
43584.0
43615.0
43645.0
43676.0
43707.0
43737.0
43768.0
43798.0
43829.0
43860.0
43889.0
43920.0
43950.0
43981.0
44011.0
44042.0
44073.0
44103.0
44134.0
44164.0
44195.0
44226.0
44254.0
44285.0
44315.0
44346.0
44376.0
44407.0
44438.0
44468.0
44499.0
44529.0
44560.0
44591.0
44619.0
44650.0
44680.0
44711.0
44741.0
44772.0
44803.0
44833.0
44864.0
44894.0
44925.0
44956.0
44984.0
45015.0
45045.0
45076.0
45106.0
45137.0
45168.0
45198.0
45229.0
45259.0
45290.0
45321.0
45350.0
45381.0
45411.0
45442.0
45472.0
45503.0
45534.0
45564.0
45595.0
45625.0
45656.0
45687.0
45715.0
45746.0
45776.0
45807.0
45837.0
45868.0
45899.0
45929.0
45960.0
45990.0
46021.0
46052.0
46080.0
46111.0
46141.0
46172.0
46202.0
46233.0
46264.0
46294.0
46325.0
46355.0
46386.0
46417.0
46445.0
46476.0
46506.0
46537.0
46567.0
46598.0
46629.0
46659.0
46690.0
46720.0
46751.0
46782.0
46811.0
46842.0
46872.0
46903.0
46933.0
46964.0
46995.0
47025.0
47056.0
47086.0
47117.0
47148.0
47176.0
47207.0
47237.0
47268.0
47298.0
47329.0
47360.0
47390.0
47421.0
47451.0
47482.0
47513.0
47541.0
47572.0
47602.0
47633.0
47663.0
47694.0
47725.0
47755.0
47786.0
47816.0
47847.0
47878.0
47906.0
47937.0
47967.0
47998.0
48028.0
48059.0
48090.0
48120.0
48151.0
48181.0
48212.0
48243.0
48272.0
48303.0
48333.0
48364.0
48394.0
48425.0
48456.0
48486.0
48517.0
48547.0
48578.0
48609.0
48637.0
48668.0
48698.0
48729.0
48759.0
48790.0
48821.0
48851.0
48882.0
48912.0
48943.0
48974.0
49002.0
49033.0
49063.0
49094.0
49124.0
49155.0
49186.0
49216.0
49247.0
49277.0
49308.0
49339.0
49367.0
49398.0
49428.0
49459.0
49489.0
49520.0
49551.0
49581.0
49612.0
49642.0
49673.0
49704.0
49733.0
49764.0
49794.0
49825.0
49855.0
49886.0
49917.0
49947.0
49978.0
50008.0
50039.0
50070.0
50098.0
50129.0
50159.0
50190.0
50220.0
50251.0
50282.0
50312.0
50343.0
50373.0
50404.0
50435.0
50463.0
50494.0
50524.0
50555.0
50585.0
50616.0
50647.0
50677.0
50708.0
50738.0
50769.0
50800.0
50828.0
50859.0
50889.0
50920.0
50950.0
50981.0
51012.0
51042.0
51073.0
51103.0
51134.0
51165.0
51194.0
51225.0
51255.0
51286.0
51316.0
51347.0
51378.0
51408.0
51439.0
51469.0
51500.0
51531.0
51559.0
51590.0
51620.0
51651.0
51681.0
51712.0
51743.0
51773.0
51804.0
51834.0
51865.0
51896.0
51924.0
51955.0
51985.0
52016.0
52046.0
52077.0
52108.0
52138.0
52169.0
52199.0
52230.0
52261.0
52289.0
52320.0
52350.0
52381.0
52411.0
52442.0
52473.0
52503.0
52534.0
52564.0
52595.0
52626.0
52655.0
52686.0
52716.0
52747.0
52777.0
52808.0
52839.0
52869.0
52900.0
52930.0
52961.0
52992.0
53020.0
53051.0
53081.0
53112.0
53142.0
53173.0
53204.0
53234.0
53265.0
53295.0
53326.0
53357.0
53385.0
53416.0
53446.0
53477.0
53507.0
53538.0
53569.0
53599.0
53630.0
53660.0
53691.0
53722.0
53750.0
53781.0
53811.0
53842.0
53872.0
53903.0
53934.0
53964.0
53995.0
54025.0
54056.0
54087.0
54116.0
54147.0
54177.0
54208.0
54238.0
54269.0
54300.0
54330.0
54361.0
54391.0
54422.0
54453.0
54481.0
54512.0
54542.0
54573.0
54603.0
54634.0
54665.0
54695.0
54726.0
54756.0
54787.0
54818.0
54846.0
54877.0
54907.0
54938.0
54968.0
54999.0
55030.0
55060.0
55091.0
55121.0
55152.0
55183.0
55211.0
55242.0
55272.0
55303.0
55333.0
55364.0
55395.0
55425.0
55456.0
55486.0
55517.0
55548.0
55577.0
55608.0
55638.0
55669.0
55699.0
55730.0
55761.0
55791.0
55822.0
55852.0
55883.0
55914.0
55942.0
55973.0
56003.0
56034.0
56064.0
56095.0
56126.0
56156.0
56187.0
56217.0
56248.0
56279.0
56307.0
56338.0
56368.0
56399.0
56429.0
56460.0
56491.0
56521.0
56552.0
56582.0
56613.0
56644.0
56672.0
56703.0
56733.0
56764.0
56794.0
56825.0
56856.0
56886.0
56917.0
56947.0
56978.0
57009.0
57038.0
57069.0
57099.0
57130.0
57160.0
57191.0
57222.0
57252.0
57283.0
57313.0
57344.0
57375.0
57403.0
57434.0
57464.0
57495.0
57525.0
57556.0
57587.0
57617.0
57648.0
57678.0
57709.0
57740.0
57768.0
57799.0
57829.0
57860.0
57890.0
57921.0
57952.0
57982.0
58013.0
58043.0
58074.0
58105.0
58133.0
58164.0
58194.0
58225.0
58255.0
58286.0
58317.0
58347.0
58378.0
58408.0
58439.0
58470.0
58498.0
58529.0
58559.0
58590.0
58620.0
58651.0
58682.0
58712.0
58743.0
58773.0
58804.0
58835.0
58863.0
58894.0
58924.0
58955.0
58985.0
59016.0
59047.0
59077.0
59108.0
59138.0
59169.0
59200.0
59228.0
59259.0
59289.0
59320.0
59350.0
59381.0
59412.0
59442.0
59473.0
59503.0
59534.0
59565.0
59593.0
59624.0
59654.0
59685.0
59715.0
59746.0
59777.0
59807.0
59838.0
59868.0
59899.0
59930.0
59959.0
59990.0
60020.0
60051.0
60081.0
60112.0
60143.0
60173.0
60204.0
60234.0
60265.0
60296.0
60324.0
60355.0
60385.0
60416.0
60446.0
60477.0
60508.0
60538.0
60569.0
60599.0
60630.0
60661.0
60689.0
60720.0
60750.0
60781.0
60811.0
60842.0
60873.0
60903.0
60934.0
60964.0
60995.0
61026.0
61054.0
61085.0
61115.0
61146.0
61176.0
61207.0
61238.0
61268.0
61299.0
61329.0
61360.0
61391.0
61420.0
61451.0
61481.0
61512.0
61542.0
61573.0
61604.0
61634.0
61665.0
61695.0
61726.0
61757.0
61785.0
61816.0
61846.0
61877.0
61907.0
61938.0
61969.0
61999.0
62030.0
62060.0
62091.0
62122.0
62150.0
62181.0
62211.0
62242.0
62272.0
62303.0
62334.0
62364.0
62395.0
62425.0
62456.0
62487.0
62515.0
62546.0
62576.0
62607.0
62637.0
62668.0
62699.0
62729.0
62760.0
62790.0
62821.0
62852.0
62881.0
62912.0
62942.0
62973.0
63003.0
63034.0
63065.0
63095.0
63126.0
63156.0
63187.0
63218.0
63246.0
63277.0
63307.0
63338.0
63368.0
63399.0
63430.0
63460.0
63491.0
63521.0
63552.0
63583.0
63611.0
63642.0
63672.0
63703.0
63733.0
63764.0
63795.0
63825.0
63856.0
63886.0
63917.0
63948.0
63976.0
64007.0
64037.0
64068.0
64098.0
64129.0
64160.0
64190.0
64221.0
64251.0
64282.0
64313.0
64342.0
64373.0
64403.0
64434.0
64464.0
64495.0
64526.0
64556.0
64587.0
64617.0
64648.0
64679.0
64707.0
64738.0
64768.0
64799.0
64829.0
64860.0
64891.0
64921.0
64952.0
64982.0
65013.0
65044.0
65072.0
65103.0
65133.0
65164.0
65194.0
65225.0
65256.0
65286.0
65317.0
65347.0
65378.0
65409.0
65437.0
65468.0
65498.0
65529.0
65559.0
65590.0
65621.0
65651.0
65682.0
65712.0
65743.0
65774.0
65803.0
65834.0
65864.0
65895.0
65925.0
65956.0
65987.0
66017.0
66048.0
66078.0
66109.0
66140.0
66168.0
66199.0
66229.0
66260.0
66290.0
66321.0
66352.0
66382.0
66413.0
66443.0
66474.0
66505.0
66533.0
66564.0
66594.0
66625.0
66655.0
66686.0
66717.0
66747.0
66778.0
66808.0
66839.0
66870.0
66898.0
66929.0
66959.0
66990.0
67020.0
67051.0
67082.0
67112.0
67143.0
67173.0
67204.0
67235.0
67264.0
67295.0
67325.0
67356.0
67386.0
67417.0
67448.0
67478.0
67509.0
67539.0
67570.0
67601.0
67629.0
67660.0
67690.0
67721.0
67751.0
67782.0
67813.0
67843.0
67874.0
67904.0
67935.0
67966.0
67994.0
68025.0
68055.0
68086.0
68116.0
68147.0
68178.0
68208.0
68239.0
68269.0
68300.0
68331.0
68359.0
68390.0
68420.0
68451.0
68481.0
68512.0
68543.0
68573.0
68604.0
68634.0
68665.0
68696.0
68725.0
68756.0
68786.0
68817.0
68847.0
68878.0
68909.0
68939.0
68970.0
69000.0
69031.0
69062.0
69090.0
69121.0
69151.0
69182.0
69212.0
69243.0
69274.0
69304.0
69335.0
69365.0
69396.0
69427.0
69455.0
69486.0
69516.0
69547.0
69577.0
69608.0
69639.0
69669.0
69700.0
69730.0
69761.0
69792.0
69820.0
69851.0
69881.0
69912.0
69942.0
69973.0
70004.0
70034.0
70065.0
70095.0
70126.0
70157.0
70186.0
70217.0
70247.0
70278.0
70308.0
70339.0
70370.0
70400.0
70431.0
70461.0
70492.0
70523.0
70551.0
70582.0
70612.0
70643.0
70673.0
70704.0
70735.0
70765.0
70796.0
70826.0
70857.0
70888.0
70916.0
70947.0
70977.0
71008.0
71038.0
71069.0
71100.0
71130.0
71161.0
71191.0
71222.0
71253.0
71281.0
71312.0
71342.0
71373.0
71403.0
71434.0
71465.0
71495.0
71526.0
71556.0
71587.0
71618.0
71647.0
71678.0
71708.0
71739.0
71769.0
71800.0
71831.0
71861.0
71892.0
71922.0
71953.0
71984.0
72012.0
72043.0
72073.0
72104.0
72134.0
72165.0
72196.0
72226.0
72257.0
72287.0
72318.0
72349.0
72377.0
72408.0
72438.0
72469.0
72499.0
72530.0
72561.0
72591.0
72622.0
72652.0
72683.0
72714.0
72742.0
72773.0
72803.0
72834.0
72864.0
72895.0
72926.0
72956.0
72987.0
73017.0
73048.0
73079.0
73108.0
73139.0
73169.0
73200.0
73230.0
73261.0
73292.0
73322.0
73353.0
73383.0
73414.0
73445.0
73473.0
73504.0
73534.0
73565.0
73595.0
73626.0
73657.0
73687.0
73718.0
73748.0
73779.0
73810.0
73838.0
73869.0
73899.0
73930.0
73960.0
73991.0
74022.0
74052.0
74083.0
74113.0
74144.0
74175.0
74203.0
74234.0
74264.0
74295.0
74325.0
74356.0
74387.0
74417.0
74448.0
74478.0
74509.0
74540.0
74569.0
74600.0
74630.0
74661.0
74691.0
74722.0
74753.0
74783.0
74814.0
74844.0
74875.0
74906.0
74934.0
74965.0
74995.0
75026.0
75056.0
75087.0
75118.0
75148.0
75179.0
75209.0
75240.0
75271.0
75299.0
75330.0
75360.0
75391.0
75421.0
75452.0
75483.0
75513.0
75544.0
75574.0
75605.0
75636.0
75664.0
75695.0
75725.0
75756.0
75786.0
75817.0
75848.0
75878.0
75909.0
75939.0
75970.0
76001.0
76030.0
76061.0
76091.0
76122.0
76152.0
76183.0
76214.0
76244.0
76275.0
76305.0
76336.0
76367.0
76395.0
76426.0
76456.0
76487.0
76517.0
76548.0
76579.0
76609.0
76640.0
76670.0
76701.0
76732.0
76760.0
76791.0
76821.0
76852.0
76882.0
76913.0
76944.0
76974.0
77005.0
77035.0
77066.0
77097.0
77125.0
77156.0
77186.0
77217.0
77247.0
77278.0
77309.0
77339.0
77370.0
77400.0
77431.0
77462.0
77491.0
77522.0
77552.0
77583.0
77613.0
77644.0
77675.0
77705.0
77736.0
77766.0
77797.0
77828.0
77856.0
77887.0
77917.0
77948.0
77978.0
78009.0
78040.0
78070.0
78101.0
78131.0
78162.0
78193.0
78221.0
78252.0
78282.0
78313.0
78343.0
78374.0
78405.0
78435.0
78466.0
78496.0
78527.0
78558.0
78586.0
78617.0
78647.0
78678.0
78708.0
78739.0
78770.0
78800.0
78831.0
78861.0
78892.0
78923.0
78952.0
78983.0
79013.0
79044.0
79074.0
79105.0
79136.0
79166.0
79197.0
79227.0
79258.0
79289.0
79317.0
79348.0
79378.0
79409.0
79439.0
79470.0
79501.0
79531.0
79562.0
79592.0
79623.0
79654.0
79682.0
79713.0
79743.0
79774.0
79804.0
79835.0
79866.0
79896.0
79927.0
79957.0
79988.0
80019.0
80047.0
80078.0
80108.0
80139.0
80169.0
80200.0
80231.0
80261.0
80292.0
80322.0
80353.0
80384.0
80413.0
80444.0
80474.0
80505.0
80535.0
80566.0
80597.0
80627.0
80658.0
80688.0
80719.0
80750.0
80778.0
80809.0
80839.0
80870.0
80900.0
80931.0
80962.0
80992.0
81023.0
81053.0
81084.0
81115.0
81143.0
81174.0
81204.0
81235.0
81265.0
81296.0
81327.0
81357.0
81388.0
81418.0
81449.0
81480.0
81508.0
81539.0
81569.0
81600.0
81630.0
81661.0
81692.0
81722.0
81753.0
81783.0
81814.0
81845.0
81874.0
81905.0
81935.0
81966.0
81996.0
82027.0
82058.0
82088.0
82119.0
82149.0
82180.0
82211.0
82239.0
82270.0
82300.0
82331.0
82361.0
82392.0
82423.0
82453.0
82484.0
82514.0
82545.0
82576.0
82604.0
82635.0
82665.0
82696.0
82726.0
82757.0
82788.0
82818.0
82849.0
82879.0
82910.0
82941.0
82969.0
83000.0
83030.0
83061.0
83091.0
83122.0
83153.0
83183.0
83214.0
83244.0
83275.0
83306.0
83335.0
83366.0
83396.0
83427.0
83457.0
83488.0
83519.0
83549.0
83580.0
83610.0
83641.0
83672.0
83700.0
83731.0
83761.0
83792.0
83822.0
83853.0
83884.0
83914.0
83945.0
83975.0
84006.0
84037.0
84065.0
84096.0
84126.0
84157.0
84187.0
84218.0
84249.0
84279.0
84310.0
84340.0
84371.0
84402.0
84430.0
84461.0
84491.0
84522.0
84552.0
84583.0
84614.0
84644.0
84675.0
84705.0
84736.0
84767.0
84796.0
84827.0
84857.0
84888.0
84918.0
84949.0
84980.0
85010.0
85041.0
85071.0
85102.0
85133.0
85161.0
85192.0
85222.0
85253.0
85283.0
85314.0
85345.0
85375.0
85406.0
85436.0
85467.0
85498.0
85526.0
85557.0
85587.0
85618.0
85648.0
85679.0
85710.0
85740.0
85771.0
85801.0
85832.0
85863.0
85891.0
85922.0
85952.0
85983.0
86013.0
86044.0
86075.0
86105.0
86136.0
86166.0
86197.0
86228.0
86257.0
86288.0
86318.0
86349.0
86379.0
86410.0
86441.0
86471.0
86502.0
86532.0
86563.0
86594.0
86622.0
86653.0
86683.0
86714.0
86744.0
86775.0
86806.0
86836.0
86867.0
86897.0
86928.0
86959.0
86987.0
87018.0
87048.0
87079.0
87109.0
87140.0
87171.0
87201.0
87232.0
87262.0
87293.0
87324.0
87352.0
87383.0
87413.0
87444.0
87474.0
87505.0
87536.0
87566.0
87597.0
87627.0
87658.0
87689.0
87718.0
87749.0
87779.0
87810.0
87840.0
87871.0
87902.0
87932.0
87963.0
87993.0
88024.0
88055.0
88083.0
88114.0
88144.0
88175.0
88205.0
88236.0
88267.0
88297.0
88328.0
88358.0
88389.0
88420.0
88448.0
88479.0
88509.0
88540.0
88570.0
88601.0
88632.0
88662.0
88693.0
88723.0
88754.0
88785.0
88813.0
88844.0
88874.0
88905.0
88935.0
88966.0
88997.0
89027.0
89058.0
89088.0
89119.0
89150.0
89179.0
89210.0
89240.0
89271.0
89301.0
89332.0
89363.0
89393.0
89424.0
89454.0
89485.0
89516.0
89544.0
89575.0
89605.0
89636.0
89666.0
89697.0
89728.0
89758.0
89789.0
89819.0
89850.0
89881.0
89909.0
89940.0
89970.0
90001.0
90031.0
90062.0
90093.0
90123.0
90154.0
90184.0
90215.0
90246.0
90274.0
90305.0
90335.0
90366.0
90396.0
90427.0
90458.0
90488.0
90519.0
90549.0
90580.0
90611.0
90640.0
90671.0
90701.0
90732.0
90762.0
90793.0
90824.0
90854.0
90885.0
90915.0
90946.0
90977.0
91005.0
91036.0
91066.0
91097.0
91127.0
91158.0
91189.0
91219.0
91250.0
91280.0
91311.0
91342.0
91370.0
91401.0
91431.0
91462.0
91492.0
91523.0
91554.0
91584.0
91615.0
91645.0
91676.0
91707.0
91735.0
91766.0
91796.0
91827.0
91857.0
91888.0
91919.0
91949.0
91980.0
92010.0
92041.0
92072.0
92101.0
92132.0
92162.0
92193.0
92223.0
92254.0
92285.0
92315.0
92346.0
92376.0
92407.0
92438.0
92466.0
92497.0
92527.0
92558.0
92588.0
92619.0
92650.0
92680.0
92711.0
92741.0
92772.0
92803.0
92831.0
92862.0
92892.0
92923.0
92953.0
92984.0
93015.0
93045.0
93076.0
93106.0
93137.0
93168.0
93196.0
93227.0
93257.0
93288.0
93318.0
93349.0
93380.0
93410.0
93441.0
93471.0
93502.0
93533.0
93562.0
93593.0
93623.0
93654.0
93684.0
93715.0
93746.0
93776.0
93807.0
93837.0
93868.0
93899.0
93927.0
93958.0
93988.0
94019.0
94049.0
94080.0
94111.0
94141.0
94172.0
94202.0
94233.0
94264.0
94292.0
94323.0
94353.0
94384.0
94414.0
94445.0
94476.0
94506.0
94537.0
94567.0
94598.0
94629.0
94657.0
94688.0
94718.0
94749.0
94779.0
94810.0
94841.0
94871.0
94902.0
94932.0
94963.0
94994.0
95023.0
95054.0
95084.0
95115.0
95145.0
95176.0
95207.0
95237.0
95268.0
95298.0
95329.0
95360.0
95388.0
95419.0
95449.0
95480.0
95510.0
95541.0
95572.0
95602.0
95633.0
95663.0
95694.0
95725.0
95753.0
95784.0
95814.0
95845.0
95875.0
95906.0
95937.0
95967.0
95998.0
96028.0
96059.0
96090.0
96118.0
96149.0
96179.0
96210.0
96240.0
96271.0
96302.0
96332.0
96363.0
96393.0
96424.0
96455.0
96484.0
96515.0
96545.0
96576.0
96606.0
96637.0
96668.0
96698.0
96729.0
96759.0
96790.0
96821.0
96849.0
96880.0
96910.0
96941.0
96971.0
97002.0
97033.0
97063.0
97094.0
97124.0
97155.0
97186.0
97214.0
97245.0
97275.0
97306.0
97336.0
97367.0
97398.0
97428.0
97459.0
97489.0
97520.0
97551.0
97579.0
97610.0
97640.0
97671.0
97701.0
97732.0
97763.0
97793.0
97824.0
97854.0
97885.0
97916.0
97945.0
97976.0
98006.0
98037.0
98067.0
98098.0
98129.0
98159.0
98190.0
98220.0
98251.0
98282.0
98310.0
98341.0
98371.0
98402.0
98432.0
98463.0
98494.0
98524.0
98555.0
98585.0
98616.0
98647.0
98675.0
98706.0
98736.0
98767.0
98797.0
98828.0
98859.0
98889.0
98920.0
98950.0
98981.0
99012.0
99040.0
99071.0
99101.0
99132.0
99162.0
99193.0
99224.0
99254.0
99285.0
99315.0
99346.0
99377.0
99406.0
99437.0
99467.0
99498.0
99528.0
99559.0
99590.0
99620.0
99651.0
99681.0
99712.0
99743.0
99771.0
99802.0
99832.0
99863.0
99893.0
99924.0
99955.0
99985.0
100016.0
100046.0
100077.0
100108.0
100136.0
100167.0
100197.0
100228.0
100258.0
100289.0
100320.0
100350.0
100381.0
100411.0
100442.0
100473.0
100501.0
100532.0
100562.0
100593.0
100623.0
100654.0
100685.0
100715.0
100746.0
100776.0
100807.0
100838.0
100867.0
100898.0
100928.0
100959.0
100989.0
101020.0
101051.0
101081.0
101112.0
101142.0
101173.0
101204.0
101232.0
101263.0
101293.0
101324.0
101354.0
101385.0
101416.0
101446.0
101477.0
101507.0
101538.0
101569.0
101597.0
101628.0
101658.0
101689.0
101719.0
101750.0
101781.0
101811.0
101842.0
101872.0
101903.0
101934.0
101962.0
101993.0
102023.0
102054.0
102084.0
102115.0
102146.0
102176.0
102207.0
102237.0
102268.0
102299.0
102328.0
102359.0
102389.0
102420.0
102450.0
102481.0
102512.0
102542.0
102573.0
102603.0
102634.0
102665.0
102693.0
102724.0
102754.0
