0.0
365.0
730.0
1095.0
1460.0
1826.0
2191.0
2556.0
2921.0
3287.0
3652.0
4017.0
4382.0
4748.0
5113.0
5478.0
5843.0
6209.0
6574.0
6939.0
7304.0
7670.0
8035.0
8400.0
8765.0
9131.0
9496.0
9861.0
10226.0
10592.0
10957.0
11322.0
11687.0
12053.0
12418.0
12783.0
13148.0
13514.0
13879.0
14244.0
14609.0
14975.0
15340.0
15705.0
16070.0
16436.0
16801.0
17166.0
17531.0
17897.0
18262.0
18627.0
18992.0
19358.0
19723.0
20088.0
20453.0
20819.0
21184.0
21549.0
21914.0
22280.0
22645.0
23010.0
23375.0
23741.0
24106.0
24471.0
24836.0
25202.0
25567.0
25932.0
26297.0
26663.0
27028.0
27393.0
27758.0
28124.0
28489.0
28854.0
29219.0
29585.0
29950.0
30315.0
30680.0
31046.0
31411.0
31776.0
32141.0
32507.0
32872.0
33237.0
33602.0
33968.0
34333.0
34698.0
35063.0
35429.0
35794.0
36159.0
36524.0
36889.0
37254.0
37619.0
37984.0
38350.0
38715.0
39080.0
39445.0
39811.0
40176.0
40541.0
40906.0
41272.0
41637.0
42002.0
42367.0
42733.0
43098.0
43463.0
43828.0
44194.0
44559.0
44924.0
45289.0
45655.0
46020.0
46385.0
46750.0
47116.0
47481.0
47846.0
48211.0
48577.0
48942.0
49307.0
49672.0
50038.0
50403.0
50768.0
51133.0
51499.0
51864.0
52229.0
52594.0
52960.0
53325.0
53690.0
54055.0
54421.0
54786.0
55151.0
55516.0
55882.0
56247.0
56612.0
56977.0
57343.0
57708.0
58073.0
58438.0
58804.0
59169.0
59534.0
59899.0
60265.0
60630.0
60995.0
61360.0
61726.0
62091.0
62456.0
62821.0
63187.0
63552.0
63917.0
64282.0
64648.0
65013.0
65378.0
65743.0
66109.0
66474.0
66839.0
67204.0
67570.0
67935.0
68300.0
68665.0
69031.0
69396.0
69761.0
70126.0
70492.0
70857.0
71222.0
71587.0
71953.0
72318.0
72683.0
73048.0
73413.0
73778.0
74143.0
74508.0
74874.0
75239.0
75604.0
75969.0
76335.0
76700.0
77065.0
77430.0
77796.0
78161.0
78526.0
78891.0
79257.0
79622.0
79987.0
80352.0
80718.0
81083.0
81448.0
81813.0
82179.0
82544.0
82909.0
83274.0
83640.0
84005.0
84370.0
84735.0
85101.0
85466.0
85831.0
86196.0
86562.0
86927.0
87292.0
87657.0
88023.0
88388.0
88753.0
89118.0
89484.0
89849.0
90214.0
90579.0
90945.0
91310.0
91675.0
92040.0
92406.0
92771.0
93136.0
93501.0
93867.0
94232.0
94597.0
94962.0
95328.0
95693.0
96058.0
96423.0
96789.0
97154.0
97519.0
97884.0
98250.0
98615.0
98980.0
99345.0
99711.0
100076.0
100441.0
100806.0
101172.0
101537.0
101902.0
102267.0
102633.0
102998.0
103363.0
103728.0
104094.0
104459.0
104824.0
105189.0
105555.0
105920.0
106285.0
106650.0
107016.0
107381.0
107746.0
108111.0
108477.0
108842.0
109207.0
109572.0
109938.0
110303.0
110668.0
111033.0
111399.0
111764.0
112129.0
112494.0
112860.0
113225.0
113590.0
113955.0
114321.0
114686.0
115051.0
115416.0
115782.0
116147.0
116512.0
116877.0
