-14609.0
-14244.0
-13879.0
-13514.0
-13149.0
-12783.0
-12418.0
-12053.0
-11688.0
-11322.0
-10957.0
-10592.0
-10227.0
-9861.0
-9496.0
-9131.0
-8766.0
-8400.0
-8035.0
-7670.0
-7305.0
-6939.0
-6574.0
-6209.0
-5844.0
-5478.0
-5113.0
-4748.0
-4383.0
-4017.0
-3652.0
-3287.0
-2922.0
-2556.0
-2191.0
-1826.0
-1461.0
-1095.0
-730.0
-365.0
0.0
366.0
731.0
1096.0
1461.0
1827.0
2192.0
2557.0
2922.0
3288.0
3653.0
4018.0
4383.0
4749.0
5114.0
5479.0
5844.0
6210.0
6575.0
6940.0
7305.0
7671.0
8036.0
8401.0
8766.0
9132.0
9497.0
9862.0
10227.0
10593.0
10958.0
11323.0
11688.0
12054.0
12419.0
12784.0
13149.0
13515.0
13880.0
14245.0
14610.0
14976.0
15341.0
15706.0
16071.0
16437.0
16802.0
17167.0
17532.0
17898.0
18263.0
18628.0
18993.0
19359.0
19724.0
20089.0
20454.0
20820.0
21185.0
21550.0
21915.0
22280.0
22645.0
23010.0
23375.0
23741.0
24106.0
24471.0
24836.0
25202.0
25567.0
25932.0
26297.0
26663.0
27028.0
27393.0
27758.0
28124.0
28489.0
28854.0
29219.0
29585.0
29950.0
30315.0
30680.0
31046.0
31411.0
31776.0
32141.0
32507.0
32872.0
33237.0
33602.0
33968.0
34333.0
34698.0
35063.0
35429.0
35794.0
36159.0
36524.0
36890.0
37255.0
37620.0
37985.0
38351.0
38716.0
39081.0
39446.0
39812.0
40177.0
40542.0
40907.0
41273.0
41638.0
42003.0
42368.0
42734.0
43099.0
43464.0
43829.0
44195.0
44560.0
44925.0
45290.0
45656.0
46021.0
46386.0
46751.0
47117.0
47482.0
47847.0
48212.0
48578.0
48943.0
49308.0
49673.0
50039.0
50404.0
50769.0
51134.0
51500.0
51865.0
52230.0
52595.0
52961.0
53326.0
53691.0
54056.0
54422.0
54787.0
55152.0
55517.0
55883.0
56248.0
56613.0
56978.0
57344.0
57709.0
58074.0
58439.0
58804.0
59169.0
59534.0
59899.0
60265.0
60630.0
60995.0
61360.0
61726.0
62091.0
62456.0
62821.0
63187.0
63552.0
63917.0
64282.0
64648.0
65013.0
65378.0
65743.0
66109.0
66474.0
66839.0
67204.0
67570.0
67935.0
68300.0
68665.0
69031.0
69396.0
69761.0
70126.0
70492.0
70857.0
71222.0
71587.0
71953.0
72318.0
72683.0
73048.0
73414.0
73779.0
74144.0
74509.0
74875.0
75240.0
75605.0
75970.0
76336.0
76701.0
77066.0
77431.0
77797.0
78162.0
78527.0
78892.0
79258.0
79623.0
79988.0
80353.0
80719.0
81084.0
81449.0
81814.0
82180.0
82545.0
82910.0
83275.0
83641.0
84006.0
84371.0
84736.0
85102.0
85467.0
85832.0
86197.0
86563.0
86928.0
87293.0
87658.0
88024.0
88389.0
88754.0
89119.0
89485.0
89850.0
90215.0
90580.0
90946.0
91311.0
91676.0
92041.0
92407.0
92772.0
93137.0
93502.0
93868.0
94233.0
94598.0
94963.0
95329.0
95694.0
96059.0
96424.0
96790.0
97155.0
97520.0
97885.0
98251.0
98616.0
98981.0
99346.0
99712.0
100077.0
100442.0
100807.0
101173.0
101538.0
101903.0
102268.0
